L,t,μ,J,Q,θ,ϕx,ϕy,ϕz,V0,V1,ndims,periodic,T,λ,Δ,K,Π
7,1,0.75,5.75,0.6180339887498949,0.4487989505128276,0,0,0,1,-3,3,true,0,18.84216528058631,"ComplexF64[-0.0003644308078310227 + 0.0im, 2.3484621499748353e-8 + 0.0im, -6.514815845965834e-5 + 0.0im, -6.813424771230854e-6 + 0.0im, -9.065844614343955e-5 + 0.0im, -0.00010592957795246842 + 0.0im, -0.00015274028406597932 + 0.0im, -0.0013553567464383368 + 0.0im, -0.00020343323720852936 + 0.0im, -5.73711416376469e-5 + 0.0im, -3.0147576402529317e-6 + 0.0im, -0.00037095487708188943 + 0.0im, -0.0011795130014988337 + 0.0im, -5.057899789825969e-5 + 0.0im, -0.03808246634321205 + 0.0im, -0.00016493981036333515 + 0.0im, -3.210986065874725e-6 + 0.0im, 6.167428988677994e-7 + 0.0im, 5.106694575794465e-6 + 0.0im, 0.0014315277745364093 + 0.0im, -0.006115848834836351 + 0.0im, -0.00024545382044882674 + 0.0im, -0.00019278119982829442 + 0.0im, -2.1958739746188912e-6 + 0.0im, 3.283561360721464e-6 + 0.0im, 2.5043797198023227e-6 + 0.0im, 0.0006476752005160457 + 0.0im, -0.0006505047845892955 + 0.0im, 3.071414895059593e-5 + 0.0im, 0.0008580869464398875 + 0.0im, -4.784610042294081e-6 + 0.0im, 4.362938628940846e-6 + 0.0im, -3.7271914736124027e-6 + 0.0im, -0.00034692812005551895 + 0.0im, -0.012357609588394118 + 0.0im, -0.020703500633308856 + 0.0im, -0.013937303122363118 + 0.0im, -5.9369127573550445e-5 + 0.0im, -1.6631143347063495e-5 + 0.0im, -9.965707983877464e-5 + 0.0im, -0.00019657979863996363 + 0.0im, -0.0073970360535364175 + 0.0im, -0.0003185088269191345 + 0.0im, -1.703678542526853e-5 + 0.0im, -6.25587153086219e-7 + 0.0im, -5.153449110882539e-5 + 0.0im, -0.0006919336368991831 + 0.0im, -0.0014896230265039432 + 0.0im, -0.025417217581341075 + 0.0im, -0.000911274832604327 + 0.0im, -9.046206549650381e-5 + 0.0im, -0.0004298192458946406 + 0.0im, -1.0324722101418372e-6 + 0.0im, -3.4517952631080535e-7 + 0.0im, -8.417666977035298e-5 + 0.0im, -0.0005189132934191696 + 0.0im, -0.027961200840772686 + 0.0im, -0.0005106744528999674 + 0.0im, -0.0005531540494410482 + 0.0im, -1.1963889970521993e-5 + 0.0im, -0.00044542394048968284 + 0.0im, -0.000105212938504762 + 0.0im, -0.009327792537640196 + 0.0im, -0.004836664982696538 + 0.0im, -0.0015128202650090041 + 0.0im, -0.00021198110717136716 + 0.0im, -3.7826872578212983e-7 + 0.0im, -6.231824176462012e-5 + 0.0im, -0.005934356792529832 + 0.0im, -0.041517512729451846 + 0.0im, -0.0010145092311288765 + 0.0im, -0.002335127076770652 + 0.0im, 9.640661978015465e-6 + 0.0im, 1.8465836329401535e-5 + 0.0im, -5.122518739261032e-5 + 0.0im, 0.00014693539568522203 + 0.0im, -0.0005337145564180697 + 0.0im, 0.00588929933193941 + 0.0im, 0.01836836868681846 + 0.0im, 0.000321505772425306 + 0.0im, -3.340585987358565e-6 + 0.0im, -0.00016898491742507542 + 0.0im, -0.005848320684818784 + 0.0im, -4.410048909589351e-5 + 0.0im, -0.005007956794497341 + 0.0im, -0.013588518693249669 + 0.0im, -0.0006922003465115808 + 0.0im, -6.51393895719553e-5 + 0.0im, -4.290533727020781e-6 + 0.0im, -4.656456923748715e-5 + 0.0im, -0.00021464424186576426 + 0.0im, 2.2234710308533408e-5 + 0.0im, -0.0002944780627668845 + 0.0im, 5.429482898558023e-6 + 0.0im, 1.1847365122103812e-7 + 0.0im, -4.205081048208804e-5 + 0.0im, -0.00014399354198919251 + 0.0im, -0.0003799417714538646 + 0.0im, -6.7242978940623005e-6 + 0.0im, -0.002089761069248417 + 0.0im, -8.13530104593775e-5 + 0.0im, 7.878466116516017e-5 + 0.0im, 0.0003410426034279584 + 0.0im, -0.007600949322940417 + 0.0im, 0.0003310103723501669 + 0.0im, -8.87107175654641e-5 + 0.0im, -0.00012854674278491937 + 0.0im, -9.011458312189395e-5 + 0.0im, -4.626047353414813e-6 + 0.0im, 1.277485525928373e-5 + 0.0im, -0.00033817124238600706 + 0.0im, -0.0001421979656620956 + 0.0im, -0.0005148878062156045 + 0.0im, -0.0002889123237419955 + 0.0im, -1.0408757544093882e-6 + 0.0im, -1.8356252305361714e-7 + 0.0im, 9.31569298309913e-7 + 0.0im, -0.0004130638757659172 + 0.0im, -0.00027028683848782155 + 0.0im, -0.00011065661261211584 + 0.0im, -2.591802334691236e-5 + 0.0im, -9.128850723094515e-5 + 0.0im, 3.973142153271244e-5 + 0.0im, -0.0005817892442039012 + 0.0im, -0.034695727497560155 + 0.0im, -0.007405422477525374 + 0.0im, 0.0007999550400780611 + 0.0im, 0.00013954619382598857 + 0.0im, -2.7870048154523083e-5 + 0.0im, -1.3678717864835816e-5 + 0.0im, -0.00124293468345979 + 0.0im, -0.019506424483559937 + 0.0im, 0.0001440141904164775 + 0.0im, 2.6740967791472956e-5 + 0.0im, -0.0012985700610558652 + 0.0im, 7.836348780688131e-5 + 0.0im, -2.1854453254871416e-6 + 0.0im, -0.0001488426104582504 + 0.0im, -0.0006091763114525985 + 0.0im, -0.00031274501951082255 + 0.0im, 0.0016740348416581564 + 0.0im, 8.01255008189591e-5 + 0.0im, 8.896583811053028e-7 + 0.0im, -1.9563633640558327e-6 + 0.0im, -4.371657920189944e-6 + 0.0im, -0.0003457574866202268 + 0.0im, -0.015140834250082684 + 0.0im, -0.042558933629563665 + 0.0im, -0.019728242091008714 + 0.0im, -2.7622132328901255e-5 + 0.0im, -1.6032777653413935e-5 + 0.0im, -0.0008593155380525465 + 0.0im, -0.04732986595323929 + 0.0im, -0.0011056554787998276 + 0.0im, -0.0030519595717319824 + 0.0im, -0.00025295490314534037 + 0.0im, -2.4893765958743436e-6 + 0.0im, -5.721834404634672e-7 + 0.0im, 7.785178874559446e-6 + 0.0im, -0.0014580286306990166 + 0.0im, 3.568190921041113e-5 + 0.0im, -8.428720663344746e-5 + 0.0im, -0.0008382230425025103 + 0.0im, 1.4929619458840968e-6 + 0.0im, -3.6916349828627933e-6 + 0.0im, -2.7945905986027368e-5 + 0.0im, -3.228631723489939e-5 + 0.0im, -1.0895431821178829e-7 + 0.0im, 0.0030826345357134704 + 0.0im, -0.005109581156499038 + 0.0im, -0.0017113842188730278 + 0.0im, -7.958652924010626e-6 + 0.0im, -0.001711384218873207 + 0.0im, -0.005109581156499408 + 0.0im, 0.0030826345357133755 + 0.0im, -1.0895431828239384e-7 + 0.0im, -3.2286317234926915e-5 + 0.0im, -2.794590598603138e-5 + 0.0im, -3.6916349828397434e-6 + 0.0im, 1.4929619459077572e-6 + 0.0im, -0.0008382230425025614 + 0.0im, -8.428720663324258e-5 + 0.0im, 3.568190921068592e-5 + 0.0im, -0.0014580286306990003 + 0.0im, 7.785178874608489e-6 + 0.0im, -5.721834404267396e-7 + 0.0im, -2.4893765959151142e-6 + 0.0im, -0.00025295490314530984 + 0.0im, -0.003051959571732194 + 0.0im, -0.0011056554787999455 + 0.0im, -0.047329865953239014 + 0.0im, -0.0008593155380525303 + 0.0im, -1.6032777653408348e-5 + 0.0im, -2.7622132328906754e-5 + 0.0im, -0.019728242091006227 + 0.0im, -0.04255893362956422 + 0.0im, -0.01514083425008413 + 0.0im, -0.0003457574866202254 + 0.0im, -4.371657919547576e-6 + 0.0im, -1.956363364152291e-6 + 0.0im, 8.896583811461501e-7 + 0.0im, 8.012550081883334e-5 + 0.0im, 0.0016740348416576915 + 0.0im, -0.0003127450195108584 + 0.0im, -0.0006091763114526934 + 0.0im, -0.00014884261045848486 + 0.0im, -2.1854453254986236e-6 + 0.0im, 7.83634878068298e-5 + 0.0im, -0.0012985700610558234 + 0.0im, 2.674096779145205e-5 + 0.0im, 0.00014401419041651568 + 0.0im, -0.019506424483561983 + 0.0im, -0.0012429346834597842 + 0.0im, -1.367871786502872e-5 + 0.0im, -2.7870048154223904e-5 + 0.0im, 0.00013954619382599198 + 0.0im, 0.0007999550400778579 + 0.0im, -0.0074054224775253 + 0.0im, -0.03469572749755903 + 0.0im, -0.0005817892442039784 + 0.0im, 3.973142153260301e-5 + 0.0im, -9.128850723114886e-5 + 0.0im, -2.5918023346910842e-5 + 0.0im, -0.00011065661261209773 + 0.0im, -0.0002702868384878476 + 0.0im, -0.00041306387576595663 + 0.0im, 9.31569298340224e-7 + 0.0im, -1.8356252307229273e-7 + 0.0im, -1.0408757544856489e-6 + 0.0im, -0.00028891232374208777 + 0.0im, -0.0005148878062156579 + 0.0im, -0.0001421979656622823 + 0.0im, -0.00033817124238606376 + 0.0im, 1.2774855259168652e-5 + 0.0im, -4.6260473532769e-6 + 0.0im, -9.011458312203301e-5 + 0.0im, -0.00012854674278504075 + 0.0im, -8.871071756545391e-5 + 0.0im, 0.0003310103723500107 + 0.0im, -0.007600949322940974 + 0.0im, 0.00034104260342799947 + 0.0im, 7.878466116524005e-5 + 0.0im, -8.13530104593987e-5 + 0.0im, -0.0020897610692496267 + 0.0im, -6.724297894056682e-6 + 0.0im, -0.00037994177145357215 + 0.0im, -0.00014399354198971242 + 0.0im, -4.205081048214035e-5 + 0.0im, 1.1847365125753029e-7 + 0.0im, 5.429482898662741e-6 + 0.0im, -0.0002944780627669388 + 0.0im, 2.2234710308484073e-5 + 0.0im, -0.00021464424186576697 + 0.0im, -4.656456923738382e-5 + 0.0im, -4.290533727023748e-6 + 0.0im, -6.513938957196427e-5 + 0.0im, -0.0006922003465118448 + 0.0im, -0.013588518693251167 + 0.0im, -0.005007956794497609 + 0.0im, -4.410048909588404e-5 + 0.0im, -0.00584832068481889 + 0.0im, -0.00016898491742504878 + 0.0im, -3.3405859872840393e-6 + 0.0im, 0.0003215057724252911 + 0.0im, 0.01836836868681797 + 0.0im, 0.005889299331939506 + 0.0im, -0.0005337145564180433 + 0.0im, 0.0001469353956857109 + 0.0im, -5.122518739284345e-5 + 0.0im, 1.8465836329233606e-5 + 0.0im, 9.640661978018677e-6 + 0.0im, -0.0023351270767717077 + 0.0im, -0.001014509231129156 + 0.0im, -0.041517512729453025 + 0.0im, -0.005934356792530273 + 0.0im, -6.231824176463192e-5 + 0.0im, -3.7826872576459784e-7 + 0.0im, -0.00021198110717146978 + 0.0im, -0.0015128202650096841 + 0.0im, -0.004836664982696293 + 0.0im, -0.009327792537639152 + 0.0im, -0.00010521293850475593 + 0.0im, -0.00044542394048920645 + 0.0im, -1.1963889970539611e-5 + 0.0im, -0.0005531540494414862 + 0.0im, -0.0005106744528999684 + 0.0im, -0.027961200840774435 + 0.0im, -0.0005189132934190339 + 0.0im, -8.417666977038849e-5 + 0.0im, -3.45179526360975e-7 + 0.0im, -1.0324722101576384e-6 + 0.0im, -0.00042981924589473194 + 0.0im, -9.046206549654448e-5 + 0.0im, -0.0009112748326042252 + 0.0im, -0.025417217581334334 + 0.0im, -0.0014896230265035706 + 0.0im, -0.0006919336368990343 + 0.0im, -5.1534491108904295e-5 + 0.0im, -6.255871532213545e-7 + 0.0im, -1.703678542528457e-5 + 0.0im, -0.000318508826919123 + 0.0im, -0.00739703605353563 + 0.0im, -0.00019657979863992346 + 0.0im, -9.965707983871981e-5 + 0.0im, -1.6631143346491392e-5 + 0.0im, -5.9369127573575266e-5 + 0.0im, -0.01393730312236443 + 0.0im, -0.020703500633309592 + 0.0im, -0.01235760958839371 + 0.0im, -0.00034692812005558546 + 0.0im, -3.7271914735804e-6 + 0.0im, 4.362938629164722e-6 + 0.0im, -4.784610042327942e-6 + 0.0im, 0.0008580869464397746 + 0.0im, 3.0714148950611445e-5 + 0.0im, -0.0006505047845893731 + 0.0im, 0.0006476752005164077 + 0.0im, 2.5043797197764653e-6 + 0.0im, 3.283561360510224e-6 + 0.0im, -2.1958739746203863e-6 + 0.0im, -0.00019278119982826176 + 0.0im, -0.0002454538204488628 + 0.0im, -0.0061158488348379125 + 0.0im, 0.0014315277745366286 + 0.0im, 5.106694575834139e-6 + 0.0im, 6.167428989021525e-7 + 0.0im, -3.210986065854654e-6 + 0.0im, -0.00016493981036336925 + 0.0im, -0.03808246634321508 + 0.0im, -5.0578997898269763e-5 + 0.0im, -0.0011795130014985778 + 0.0im, -0.00037095487708153137 + 0.0im, -3.014757640287911e-6 + 0.0im, -5.737114163742036e-5 + 0.0im, -0.00020343323720842035 + 0.0im, -0.001355356746438648 + 0.0im, -0.00015274028406597154 + 0.0im, -0.00010592957795224952 + 0.0im, -9.065844614352447e-5 + 0.0im, -6.813424771223385e-6 + 0.0im, -6.514815845968815e-5 + 0.0im, 2.3484621529233716e-8 + 0.0im, -0.00036443080783101037 + 0.0im, 5.5369971751193975e-5 + 0.0im, 0.00019840720506523218 + 0.0im, -3.100950400906312e-5 + 0.0im, 1.789054168617659e-5 + 0.0im, -0.0001155725870287964 + 0.0im, -0.00036264882590188505 + 0.0im, -0.00030128472903183444 + 0.0im, -0.0008407523243835906 + 0.0im, -0.0015777861990859843 + 0.0im, -0.00012118231937278085 + 0.0im, 1.5960098754128197e-6 + 0.0im, 9.395858687626731e-5 + 0.0im, 0.001939045761033727 + 0.0im, 0.001972003448776163 + 0.0im, 0.05373996326901705 + 0.0im, 0.00835219782010131 + 0.0im, -8.242109532240245e-5 + 0.0im, -3.1976369422179014e-6 + 0.0im, 8.529693843898253e-6 + 0.0im, 0.0011219035381852462 + 0.0im, -0.0032135680127977338 + 0.0im, -0.00048234303859382116 + 0.0im, 6.97017837876203e-5 + 0.0im, 9.166339552613828e-5 + 0.0im, 1.2373434033965052e-6 + 0.0im, 4.248690921801613e-6 + 0.0im, -0.00020115583194253237 + 0.0im, 0.0003962637874053183 + 0.0im, -0.00015833087002802975 + 0.0im, -0.001262866406453186 + 0.0im, -7.770817245270545e-5 + 0.0im, -2.694260210680167e-6 + 0.0im, 5.095316367056936e-6 + 0.0im, -6.638284289645488e-5 + 0.0im, -0.005946608345372271 + 0.0im, -0.012038572197902917 + 0.0im, 0.09171093437451897 + 0.0im, -0.003061662568116335 + 0.0im, 0.00012190559203436151 + 0.0im, 6.367462076887898e-5 + 0.0im, 0.00046858492577053507 + 0.0im, 0.004390835067704442 + 0.0im, -0.00782927930620838 + 0.0im, -0.0004071919976487052 + 0.0im, 2.914006492227963e-5 + 0.0im, 3.077511387448723e-5 + 0.0im, -0.000972708814646354 + 0.0im, 0.0027143764453795233 + 0.0im, -0.02647498363995375 + 0.0im, 0.004376026361714023 + 0.0im, 3.142069225317532e-5 + 0.0im, 0.0004625052605990539 + 0.0im, -0.0001489242371805338 + 0.0im, 1.642039672365126e-5 + 0.0im, -4.575613718796391e-5 + 0.0im, -0.000302137774234811 + 0.0im, -0.10246526713438277 + 0.0im, -0.013394824192154669 + 0.0im, 0.0006428147903486354 + 0.0im, -0.00020345170133934475 + 0.0im, -0.00023481722959241795 + 0.0im, 0.00024853264049790535 + 0.0im, 0.002962635122944871 + 0.0im, -0.0478572187497494 + 0.0im, 0.006326754876179932 + 0.0im, 0.0021922203003692663 + 0.0im, 2.7384414436764574e-5 + 0.0im, 2.087608808069061e-6 + 0.0im, -0.0021442692457979994 + 0.0im, -0.07970787111311976 + 0.0im, -0.000844935627192122 + 0.0im, 0.014298452586026017 + 0.0im, -0.00010489633625849388 + 0.0im, 2.7289932544553184e-5 + 0.0im, -6.63687496936255e-5 + 0.0im, 6.498780622564673e-5 + 0.0im, 0.0002810245948993752 + 0.0im, 0.001566689525599403 + 0.0im, 0.055892712782758584 + 0.0im, -0.008853736556178623 + 0.0im, 0.00011628629030350804 + 0.0im, 1.1748890957058618e-5 + 0.0im, 0.003670509439845334 + 0.0im, -0.001033656074445958 + 0.0im, 0.0031486789392620837 + 0.0im, 0.03936657216806555 + 0.0im, 0.014408310238636132 + 0.0im, -0.0007156258931811299 + 0.0im, -3.365920604252516e-5 + 0.0im, -3.935430469753055e-5 + 0.0im, 0.0003940690269087379 + 0.0im, -0.00031750828273331726 + 0.0im, 0.0009834529526313968 + 0.0im, 0.000277049476047721 + 0.0im, -3.9100550995530813e-7 + 0.0im, -4.649290305506623e-6 + 0.0im, -0.00010744134019378296 + 0.0im, 0.0008267257000944837 + 0.0im, -9.43334868276755e-5 + 0.0im, 0.0026514641917827087 + 0.0im, 0.0015655563429592323 + 0.0im, -1.440327177648047e-5 + 0.0im, -0.0006882668270048577 + 0.0im, 0.005323345410851005 + 0.0im, -0.0018784262368264997 + 0.0im, -0.0010603070900786426 + 0.0im, -0.0001145479538152386 + 0.0im, -4.65867867091886e-5 + 0.0im, -3.595381102262644e-5 + 0.0im, -6.202018498223536e-5 + 0.0im, 5.934945277202566e-5 + 0.0im, 7.759689697723317e-6 + 0.0im, 0.0009309811660564143 + 0.0im, -0.00109869643687032 + 0.0im, 4.68561896125841e-5 + 0.0im, 4.920973735550629e-6 + 0.0im, -4.580550241703353e-6 + 0.0im, -0.0001006375267173895 + 0.0im, -0.00010452991531433674 + 0.0im, -0.0040328592529958905 + 0.0im, -0.0001549134978907401 + 0.0im, -0.00027253709146296247 + 0.0im, -0.0002010962837484228 + 0.0im, -0.00011745626244182612 + 0.0im, -0.01467071203677266 + 0.0im, 0.10812348693898224 + 0.0im, -0.00028989338574866136 + 0.0im, 0.0015033381418937456 + 0.0im, 7.496099395214719e-5 + 0.0im, 0.00012922282203684283 + 0.0im, -0.0011983066315259664 + 0.0im, 0.021181350852081123 + 0.0im, -0.001782774292294238 + 0.0im, -0.00020975482322156946 + 0.0im, -0.0003054458662635001 + 0.0im, -0.00012697559832294524 + 0.0im, 7.031727248344091e-7 + 0.0im, 1.606770421474131e-5 + 0.0im, -0.0004739834264030451 + 0.0im, -0.00023555273524639812 + 0.0im, 0.031013980099982883 + 0.0im, 0.0009348970532004093 + 0.0im, 4.5859222872124086e-5 + 0.0im, -4.2460148208841335e-6 + 0.0im, -5.689470689691827e-5 + 0.0im, -0.00014213111820657938 + 0.0im, 0.0024474867561710724 + 0.0im, 0.0192737945196151 + 0.0im, -0.035603765237474536 + 0.0im, -0.002599494093153166 + 0.0im, 4.00993892841072e-5 + 0.0im, 0.0004975946002837133 + 0.0im, 0.027340123382065543 + 0.0im, 0.029722269135034795 + 0.0im, -0.0007635398225013341 + 0.0im, 0.0013382473903337784 + 0.0im, 1.2059505324780004e-5 + 0.0im, -4.870336419089674e-7 + 0.0im, 7.220284171560771e-6 + 0.0im, -7.77012508037541e-5 + 0.0im, 0.00025171768338179705 + 0.0im, 0.000525603570541494 + 0.0im, -0.0003506320937721194 + 0.0im, 0.0004130348583162537 + 0.0im, -3.320108690184254e-5 + 0.0im, -2.9947193670387818e-6 + 0.0im, 0.00011106997124891927 + 0.0im, 0.0006105939175497944 + 0.0im, 0.008382099881799455 + 0.0im, 0.023927049605199126 + 0.0im, -0.013554954301841527 + 0.0im, 0.0002773421658809064 + 0.0im, 0.0002773421658809409 + 0.0im, -0.013554954301842136 + 0.0im, 0.02392704960519737 + 0.0im, 0.0005256035705411432 + 0.0im, 0.0006105939175498205 + 0.0im, 0.00011106997124910046 + 0.0im, -2.994719367018257e-6 + 0.0im, -3.3201086901890777e-5 + 0.0im, 0.00041303485831646234 + 0.0im, -0.00035063209377236766 + 0.0im, -0.0007635398225012621 + 0.0im, 0.00025171768338166516 + 0.0im, -7.77012508036867e-5 + 0.0im, 7.220284171210503e-6 + 0.0im, -4.870336411286201e-7 + 0.0im, 1.205950532486992e-5 + 0.0im, 0.001338247390334111 + 0.0im, 0.019273794519615625 + 0.0im, 0.029722269135033206 + 0.0im, 0.027340123382064666 + 0.0im, 0.0004975946002835869 + 0.0im, 4.009938928407091e-5 + 0.0im, -0.0025994940931526947 + 0.0im, -0.03560376523747668 + 0.0im, 0.031013980099986408 + 0.0im, 0.0024474867561705025 + 0.0im, -0.000142131118206783 + 0.0im, -5.689470689643952e-5 + 0.0im, -4.2460148204941375e-6 + 0.0im, 4.585922287192388e-5 + 0.0im, 0.0009348970532007258 + 0.0im, -0.00020975482322147762 + 0.0im, -0.00023555273524620497 + 0.0im, -0.00047398342640260916 + 0.0im, 1.60677042151705e-5 + 0.0im, 7.031727244080294e-7 + 0.0im, -0.0001269755983225814 + 0.0im, -0.0003054458662636072 + 0.0im, -0.00028989338574888975 + 0.0im, -0.0017827742922941808 + 0.0im, 0.021181350852081962 + 0.0im, -0.0011983066315251808 + 0.0im, 0.00012922282203662658 + 0.0im, 7.4960993952341e-5 + 0.0im, 0.0015033381418936417 + 0.0im, -0.004032859252995593 + 0.0im, 0.10812348693897952 + 0.0im, -0.014670712036771972 + 0.0im, -0.00011745626244166151 + 0.0im, -0.0002010962837477833 + 0.0im, -0.0002725370914629542 + 0.0im, -0.0001549134978907069 + 0.0im, 0.0009309811660564237 + 0.0im, -0.00010452991531425144 + 0.0im, -0.00010063752671743653 + 0.0im, -4.580550241643625e-6 + 0.0im, 4.9209737354017e-6 + 0.0im, 4.685618961234593e-5 + 0.0im, -0.0010986964368674941 + 0.0im, -0.0010603070900787703 + 0.0im, 7.75968969711962e-6 + 0.0im, 5.934945277212377e-5 + 0.0im, -6.202018498214522e-5 + 0.0im, -3.595381102052934e-5 + 0.0im, -4.658678670978898e-5 + 0.0im, -0.00011454795381612469 + 0.0im, -9.4333486827744e-5 + 0.0im, -0.001878426236826006 + 0.0im, 0.005323345410851811 + 0.0im, -0.0006882668270056312 + 0.0im, -1.4403271776530872e-5 + 0.0im, 0.0015655563429598284 + 0.0im, 0.002651464191782749 + 0.0im, -0.0003175082827335701 + 0.0im, 0.0008267257000938812 + 0.0im, -0.00010744134019634729 + 0.0im, -4.64929030561189e-6 + 0.0im, -3.910055106030838e-7 + 0.0im, 0.0002770494760477889 + 0.0im, 0.0009834529526316607 + 0.0im, 0.0031486789392618864 + 0.0im, 0.00039406902690838447 + 0.0im, -3.935430469747903e-5 + 0.0im, -3.365920604241314e-5 + 0.0im, -0.0007156258931809113 + 0.0im, 0.014408310238636647 + 0.0im, 0.039366572168067535 + 0.0im, 0.001566689525599291 + 0.0im, -0.0010336560744461359 + 0.0im, 0.0036705094398457347 + 0.0im, 1.1748890956942734e-5 + 0.0im, 0.00011628629030358634 + 0.0im, -0.008853736556178667 + 0.0im, 0.05589271278275709 + 0.0im, -0.0008449356271919199 + 0.0im, 0.0002810245948984327 + 0.0im, 6.498780623472774e-5 + 0.0im, -6.636874969387641e-5 + 0.0im, 2.728993254463178e-5 + 0.0im, -0.00010489633625900902 + 0.0im, 0.014298452586026968 + 0.0im, -0.04785721874974694 + 0.0im, -0.079707871113125 + 0.0im, -0.002144269245798446 + 0.0im, 2.087608808042691e-6 + 0.0im, 2.7384414436782693e-5 + 0.0im, 0.0021922203003709707 + 0.0im, 0.006326754876178744 + 0.0im, -0.10246526713437985 + 0.0im, 0.002962635122944473 + 0.0im, 0.0002485326404978442 + 0.0im, -0.00023481722959224464 + 0.0im, -0.00020345170133969452 + 0.0im, 0.0006428147903489121 + 0.0im, -0.013394824192155371 + 0.0im, 0.004376026361713379 + 0.0im, -0.00030213777423496126 + 0.0im, -4.575613718797658e-5 + 0.0im, 1.6420396723134526e-5 + 0.0im, -0.00014892423718066547 + 0.0im, 0.0004625052605989507 + 0.0im, 3.1420692253017375e-5 + 0.0im, -0.00782927930620648 + 0.0im, -0.02647498363994802 + 0.0im, 0.002714376445379517 + 0.0im, -0.0009727088146457069 + 0.0im, 3.0775113875141226e-5 + 0.0im, 2.9140064922364308e-5 + 0.0im, -0.00040719199764957016 + 0.0im, -0.01203857219790538 + 0.0im, 0.0043908350677041175 + 0.0im, 0.0004685849257703691 + 0.0im, 6.367462076901445e-5 + 0.0im, 0.00012190559203455252 + 0.0im, -0.0030616625681166155 + 0.0im, 0.09171093437452704 + 0.0im, -0.00015833087002795608 + 0.0im, -0.005946608345372762 + 0.0im, -6.638284289642451e-5 + 0.0im, 5.095316366402105e-6 + 0.0im, -2.6942602102313735e-6 + 0.0im, -7.770817245274476e-5 + 0.0im, -0.001262866406453357 + 0.0im, -0.0004823430385942568 + 0.0im, 0.00039626378740505446 + 0.0im, -0.00020115583194414593 + 0.0im, 4.248690921691867e-6 + 0.0im, 1.2373434038908432e-6 + 0.0im, 9.16633955250099e-5 + 0.0im, 6.970178378770144e-5 + 0.0im, 0.05373996326902741 + 0.0im, -0.0032135680127950523 + 0.0im, 0.0011219035381866275 + 0.0im, 8.529693844483973e-6 + 0.0im, -3.197636942257211e-6 + 0.0im, -8.24210953223723e-5 + 0.0im, 0.008352197820101843 + 0.0im, -0.0008407523243837714 + 0.0im, 0.001972003448776232 + 0.0im, 0.0019390457610340517 + 0.0im, 9.395858687633849e-5 + 0.0im, 1.5960098753324507e-6 + 0.0im, -0.00012118231937262514 + 0.0im, -0.0015777861990864243 + 0.0im, 5.536997175118906e-5 + 0.0im, -0.0003012847290318833 + 0.0im, -0.0003626488259021093 + 0.0im, -0.00011557258702844882 + 0.0im, 1.7890541685604825e-5 + 0.0im, -3.1009504009195254e-5 + 0.0im, 0.00019840720506533743 + 0.0im, -0.0016547189580673673 + 0.0im, -6.0614279141412885e-5 + 0.0im, -0.00018629930713874745 + 0.0im, 3.3425555053925445e-6 + 0.0im, -0.0003529048396825389 + 0.0im, 0.002566722148826052 + 0.0im, 6.83156231573213e-5 + 0.0im, 0.01950026026533781 + 0.0im, -0.0005652725863088954 + 0.0im, 2.2759928140300154e-5 + 0.0im, 1.0857020476675398e-5 + 0.0im, -0.0008228811213240536 + 0.0im, 0.003444499698198401 + 0.0im, -0.0011469893270384943 + 0.0im, -0.010506781380941264 + 0.0im, -2.425599894697816e-5 + 0.0im, 7.569233354848965e-6 + 0.0im, 9.643144171775794e-6 + 0.0im, 0.00014018686327145534 + 0.0im, -0.00525769021291739 + 0.0im, 0.005128762829603648 + 0.0im, 0.00011666096349391076 + 0.0im, -0.0023838589760842104 + 0.0im, -5.837267649985651e-5 + 0.0im, -6.63635455996674e-6 + 0.0im, 5.475187686126131e-6 + 0.0im, -0.000515444791429134 + 0.0im, 0.008039241954049219 + 0.0im, 0.004187939504758611 + 0.0im, -0.004510901747859461 + 0.0im, 1.4196699288213235e-5 + 0.0im, -2.1354481494590996e-5 + 0.0im, -5.947525247125114e-5 + 0.0im, 0.00024465113860360177 + 0.0im, -0.019563680085364823 + 0.0im, -0.005088105280689061 + 0.0im, 0.0018921103804221415 + 0.0im, -3.9448860532215166e-5 + 0.0im, -0.00011046409264497578 + 0.0im, 0.0011501705367822615 + 0.0im, 0.0017316874059642817 + 0.0im, -0.07377943924766457 + 0.0im, -0.00011750603148818017 + 0.0im, -7.028304091115266e-6 + 0.0im, -1.1167395033065065e-5 + 0.0im, -6.154075797281365e-5 + 0.0im, -0.0006836080854375552 + 0.0im, 0.0009773540721956483 + 0.0im, 0.006686921198032739 + 0.0im, 0.02002653741647428 + 0.0im, -0.00013648732874273895 + 0.0im, 0.002437403717973736 + 0.0im, 4.0728558016268576e-5 + 0.0im, 0.00022282867248963543 + 0.0im, 6.379476200434559e-5 + 0.0im, -0.008102292507962171 + 0.0im, -0.03270847181797008 + 0.0im, 0.0014615847065113582 + 0.0im, 0.0011333232938252997 + 0.0im, -7.97786360585226e-6 + 0.0im, -7.334508659146089e-5 + 0.0im, 0.0021063445133182816 + 0.0im, -0.08678448942150586 + 0.0im, 0.0015787164131299922 + 0.0im, 0.007025386980994828 + 0.0im, -0.0001376830309053322 + 0.0im, -4.950105529167735e-6 + 0.0im, 3.46786910572124e-5 + 0.0im, -0.0013074632637142865 + 0.0im, 0.015346601090883445 + 0.0im, 0.0016812012063460349 + 0.0im, -0.0646028950679638 + 0.0im, 0.0006164263117832749 + 0.0im, 7.053929260725648e-5 + 0.0im, 0.000550002457730897 + 0.0im, 0.009248385912943831 + 0.0im, 0.0003736914708006603 + 0.0im, -0.001217363825528771 + 0.0im, -0.08146874318892043 + 0.0im, -0.0023904297663945497 + 0.0im, -0.0003116444623514834 + 0.0im, -5.941142018660136e-5 + 0.0im, 0.0015130388283388098 + 0.0im, 0.0004931921766347555 + 0.0im, -0.0007969904589823208 + 0.0im, -0.009132381731045766 + 0.0im, 2.0892241977907234e-5 + 0.0im, 1.081889073921394e-5 + 0.0im, -2.1826610212620045e-5 + 0.0im, -3.55712957139817e-5 + 0.0im, -0.0037338327184563485 + 0.0im, -0.0003412500967418346 + 0.0im, 0.0002984626543453574 + 0.0im, -0.0001854637886624286 + 0.0im, 1.263772620340468e-6 + 0.0im, 8.530125858396204e-6 + 0.0im, -0.00011388660588592575 + 0.0im, -0.0006926711990205891 + 0.0im, 3.0464635902646216e-5 + 0.0im, -0.0023878918742439655 + 0.0im, 0.00014647028726203176 + 0.0im, 2.1511569491907382e-5 + 0.0im, 0.0004970573868795002 + 0.0im, -0.0056942333727788745 + 0.0im, -7.655765086227015e-5 + 0.0im, -0.0003715577980333329 + 0.0im, -0.0002045577158725219 + 0.0im, -4.6105258370478644e-5 + 0.0im, 1.842908053860225e-6 + 0.0im, -4.55204343691601e-6 + 0.0im, -0.00020572627981606755 + 0.0im, 0.0007413114756624943 + 0.0im, 0.00014392809042484693 + 0.0im, -7.641272479114147e-6 + 0.0im, -2.5009859345220814e-5 + 0.0im, -8.608685598581159e-6 + 0.0im, 9.897995945903523e-5 + 0.0im, 0.012200899147903281 + 0.0im, -0.002869941293778434 + 0.0im, -8.354148269881875e-5 + 0.0im, 0.0002761117965453873 + 0.0im, 0.00034790946395410054 + 0.0im, 0.0005133474466746653 + 0.0im, 0.0036134841264150058 + 0.0im, -0.16846469565918382 + 0.0im, -0.004920481233531101 + 0.0im, 2.2475772645710945e-5 + 0.0im, -0.0024255336732297026 + 0.0im, -0.00017846107318326984 + 0.0im, -2.1445906777461483e-5 + 0.0im, 0.0011214452801343042 + 0.0im, -0.013193981854640813 + 0.0im, 6.868385749482324e-5 + 0.0im, -0.0007797828419688348 + 0.0im, 0.0017808717060761843 + 0.0im, -1.8500445651515737e-5 + 0.0im, -2.333631558818307e-6 + 0.0im, 8.875009798232577e-6 + 0.0im, -1.0995103472033929e-5 + 0.0im, -0.007513482764559995 + 0.0im, 0.002247324984844667 + 0.0im, -0.015611528229010414 + 0.0im, 0.00023038420890590723 + 0.0im, 4.2062310370098516e-5 + 0.0im, 0.00014874375048226074 + 0.0im, 0.0029890075538266513 + 0.0im, 0.0023757412801521183 + 0.0im, -0.051606881486997665 + 0.0im, 0.006800246574236064 + 0.0im, -5.232640695145083e-6 + 0.0im, -1.0504292040554857e-5 + 0.0im, -0.00018305033757821894 + 0.0im, -0.03217227929827393 + 0.0im, 0.0016545127847722165 + 0.0im, 0.0022176782469033973 + 0.0im, 0.0004063992303218391 + 0.0im, -2.79333308798301e-6 + 0.0im, -4.561840516975443e-7 + 0.0im, 7.652055547953265e-6 + 0.0im, 0.00038017732538974763 + 0.0im, -8.759742437799777e-5 + 0.0im, -0.002799152616090174 + 0.0im, -0.007683307624838092 + 0.0im, 0.0010940967535570884 + 0.0im, -1.2658870085043554e-5 + 0.0im, -0.0007686083762175034 + 0.0im, 0.0011593780839378657 + 0.0im, -0.0013357986483268523 + 0.0im, -0.0013357986483273796 + 0.0im, 0.0011593780839379993 + 0.0im, -0.0007686083762174021 + 0.0im, -1.2658870085046773e-5 + 0.0im, 0.0010940967535570014 + 0.0im, -0.007683307624838646 + 0.0im, -0.0027991526160902505 + 0.0im, -8.759742437713366e-5 + 0.0im, 0.0003801773253897014 + 0.0im, 7.652055548045482e-6 + 0.0im, -4.5618405180097074e-7 + 0.0im, -2.7933330879833323e-6 + 0.0im, 0.00040639923032141255 + 0.0im, 0.0022176782469013724 + 0.0im, 0.0016545127847761372 + 0.0im, -0.03217227929827368 + 0.0im, -0.00018305033757834029 + 0.0im, -1.0504292040132242e-5 + 0.0im, -5.2326406951587895e-6 + 0.0im, 0.006800246574235147 + 0.0im, -0.05160688148699995 + 0.0im, 0.011474804914277329 + 0.0im, -0.19108680190591532 + 0.0im, 0.0015468516606693017 + 0.0im, 8.281327710940367e-5 + 0.0im, 0.001546851660669305 + 0.0im, -0.19108680190590707 + 0.0im, 0.01147480491427822 + 0.0im, -0.007513482764560682 + 0.0im, -1.0995103472354868e-5 + 0.0im, 8.875009796984778e-6 + 0.0im, -2.3336315602988143e-6 + 0.0im, -1.8500445650175778e-5 + 0.0im, 0.0017808717060765148 + 0.0im, -0.0007797828419687147 + 0.0im, 6.868385749471637e-5 + 0.0im, -0.013193981854641917 + 0.0im, 0.0011214452801343992 + 0.0im, -2.1445906777258724e-5 + 0.0im, -0.0001784610731837981 + 0.0im, -0.002425533673229218 + 0.0im, 2.2475772645628095e-5 + 0.0im, -0.004920481233531458 + 0.0im, -0.168464695659187 + 0.0im, 0.0036134841264152634 + 0.0im, 0.0005133474466740534 + 0.0im, 0.0003479094639539714 + 0.0im, 0.00027611179654538325 + 0.0im, -8.354148269860226e-5 + 0.0im, -0.002869941293778331 + 0.0im, 0.012200899147903274 + 0.0im, 9.897995945831805e-5 + 0.0im, -8.608685598719042e-6 + 0.0im, -2.5009859344897715e-5 + 0.0im, -7.641272479332363e-6 + 0.0im, 0.00014392809042522485 + 0.0im, 0.000741311475662322 + 0.0im, -0.00020572627981673352 + 0.0im, -4.552043437205843e-6 + 0.0im, 1.842908053885658e-6 + 0.0im, -4.6105258370714255e-5 + 0.0im, -0.0002045577158729096 + 0.0im, -0.00037155779803345654 + 0.0im, -7.655765086204108e-5 + 0.0im, -0.005694233372779104 + 0.0im, 0.0004970573868794403 + 0.0im, 2.1511569492061596e-5 + 0.0im, 0.00014647028726188705 + 0.0im, -0.002387891874245288 + 0.0im, 3.0464635902683377e-5 + 0.0im, 0.0023757412801528916 + 0.0im, 0.0029890075538269063 + 0.0im, 0.00014874375048247422 + 0.0im, 4.206231037020202e-5 + 0.0im, 0.00023038420890579813 + 0.0im, -0.015611528229008754 + 0.0im, 0.002247324984844646 + 0.0im, -0.0037338327184560844 + 0.0im, -3.5571295714012084e-5 + 0.0im, -2.1826610212692324e-5 + 0.0im, 1.0818890739195438e-5 + 0.0im, 2.0892241979887106e-5 + 0.0im, -0.009132381731046005 + 0.0im, -0.0007969904589819965 + 0.0im, 0.0004931921766346118 + 0.0im, 0.001513038828339181 + 0.0im, -5.9411420186620826e-5 + 0.0im, -0.0003116444623508753 + 0.0im, -0.0023904297663941013 + 0.0im, -0.08146874318890557 + 0.0im, -0.0012173638255304165 + 0.0im, 0.0003736914708007441 + 0.0im, 0.00924838591294336 + 0.0im, 0.0005500024577309627 + 0.0im, 7.053929260755166e-5 + 0.0im, 0.0006164263117832014 + 0.0im, -0.06460289506795636 + 0.0im, 0.0016812012063471226 + 0.0im, 0.015346601090883915 + 0.0im, -0.0013074632637140504 + 0.0im, 3.467869105655748e-5 + 0.0im, -4.95010552933665e-6 + 0.0im, -0.00013768303090547131 + 0.0im, 0.007025386981000952 + 0.0im, 0.0015787164131320856 + 0.0im, -0.08678448942149569 + 0.0im, 0.0021063445133183297 + 0.0im, -7.334508659140891e-5 + 0.0im, -7.977863605852554e-6 + 0.0im, 0.0011333232938259164 + 0.0im, 0.0014615847065112043 + 0.0im, -0.032708471817969785 + 0.0im, -0.008102292507960797 + 0.0im, 6.379476200437581e-5 + 0.0im, 0.00022282867248966983 + 0.0im, 4.07285580160989e-5 + 0.0im, 0.002437403717974194 + 0.0im, -0.00013648732874208528 + 0.0im, 0.02002653741647475 + 0.0im, -0.0006926711990211164 + 0.0im, -0.00011388660588613513 + 0.0im, 8.530125858522568e-6 + 0.0im, 1.2637726203331824e-6 + 0.0im, -0.00018546378866252138 + 0.0im, 0.00029846265434529495 + 0.0im, -0.00034125009674230636 + 0.0im, -0.07377943924765297 + 0.0im, 0.0017316874059633421 + 0.0im, 0.0011501705367822324 + 0.0im, -0.00011046409264216153 + 0.0im, -3.9448860532229214e-5 + 0.0im, 0.0018921103804225036 + 0.0im, -0.0050881052806893146 + 0.0im, -0.019563680085364854 + 0.0im, 0.00024465113860424855 + 0.0im, -5.94752524712142e-5 + 0.0im, -2.135448149451696e-5 + 0.0im, 1.4196699288290879e-5 + 0.0im, -0.004510901747862163 + 0.0im, 0.004187939504758198 + 0.0im, 0.008039241954049642 + 0.0im, -0.0005154447914295665 + 0.0im, 5.475187688163527e-6 + 0.0im, -6.63635456039323e-6 + 0.0im, -5.837267649976573e-5 + 0.0im, -0.0023838589760837047 + 0.0im, 0.00011666096349392918 + 0.0im, 0.005128762829604533 + 0.0im, -0.00525769021292127 + 0.0im, 0.00014018686327118085 + 0.0im, 9.643144172030877e-6 + 0.0im, 7.569233354953442e-6 + 0.0im, -2.4255998947043853e-5 + 0.0im, -0.010506781380942281 + 0.0im, -0.0011469893270395126 + 0.0im, 0.0034444996981997144 + 0.0im, -0.0008228811213233233 + 0.0im, 1.0857020476714777e-5 + 0.0im, 2.275992814047087e-5 + 0.0im, -0.000565272586308959 + 0.0im, 0.019500260265340814 + 0.0im, 6.831562315745477e-5 + 0.0im, 0.002566722148825096 + 0.0im, -0.00035290483968281055 + 0.0im, 3.3425555053587674e-6 + 0.0im, -0.00018629930713921918 + 0.0im, -6.061427914148175e-5 + 0.0im, -0.0016547189580678823 + 0.0im, 0.006686921198031078 + 0.0im, 0.0009773540721959362 + 0.0im, -0.0006836080854381723 + 0.0im, -6.154075797268007e-5 + 0.0im, -1.1167395032947797e-5 + 0.0im, -7.028304090203277e-6 + 0.0im, -0.00011750603148841082 + 0.0im, 0.00019840720506523218 + 0.0im, -3.100950400906312e-5 + 0.0im, 1.789054168617659e-5 + 0.0im, -0.0001155725870287964 + 0.0im, -0.00036264882590188505 + 0.0im, -0.00030128472903183444 + 0.0im, 5.5369971751193975e-5 + 0.0im, -0.0015777861990859843 + 0.0im, -0.00012118231937278085 + 0.0im, 1.5960098754128197e-6 + 0.0im, 9.395858687626731e-5 + 0.0im, 0.001939045761033727 + 0.0im, 0.001972003448776163 + 0.0im, -0.0008407523243835906 + 0.0im, 0.00835219782010131 + 0.0im, -8.242109532240245e-5 + 0.0im, -3.1976369422179014e-6 + 0.0im, 8.529693843898253e-6 + 0.0im, 0.0011219035381852462 + 0.0im, -0.0032135680127977338 + 0.0im, 0.05373996326901705 + 0.0im, 6.97017837876203e-5 + 0.0im, 9.166339552613828e-5 + 0.0im, 1.2373434033965052e-6 + 0.0im, 4.248690921801613e-6 + 0.0im, -0.00020115583194253237 + 0.0im, 0.0003962637874053183 + 0.0im, -0.00048234303859382116 + 0.0im, -0.001262866406453186 + 0.0im, -7.770817245270545e-5 + 0.0im, -2.694260210680167e-6 + 0.0im, 5.095316367056936e-6 + 0.0im, -6.638284289645488e-5 + 0.0im, -0.005946608345372271 + 0.0im, -0.00015833087002802975 + 0.0im, 0.09171093437451897 + 0.0im, -0.003061662568116335 + 0.0im, 0.00012190559203436151 + 0.0im, 6.367462076887898e-5 + 0.0im, 0.00046858492577053507 + 0.0im, 0.004390835067704442 + 0.0im, -0.012038572197902917 + 0.0im, -0.0004071919976487052 + 0.0im, 2.914006492227963e-5 + 0.0im, 3.077511387448723e-5 + 0.0im, -0.000972708814646354 + 0.0im, 0.0027143764453795233 + 0.0im, -0.02647498363995375 + 0.0im, -0.00782927930620838 + 0.0im, 3.142069225317532e-5 + 0.0im, 0.0004625052605990539 + 0.0im, -0.0001489242371805338 + 0.0im, 1.642039672365126e-5 + 0.0im, -4.575613718796391e-5 + 0.0im, -0.000302137774234811 + 0.0im, 0.004376026361714023 + 0.0im, -0.013394824192154669 + 0.0im, 0.0006428147903486354 + 0.0im, -0.00020345170133934475 + 0.0im, -0.00023481722959241795 + 0.0im, 0.00024853264049790535 + 0.0im, 0.002962635122944871 + 0.0im, -0.10246526713438277 + 0.0im, 0.006326754876179932 + 0.0im, 0.0021922203003692663 + 0.0im, 2.7384414436764574e-5 + 0.0im, 2.087608808069061e-6 + 0.0im, -0.0021442692457979994 + 0.0im, -0.07970787111311976 + 0.0im, -0.0478572187497494 + 0.0im, 0.014298452586026017 + 0.0im, -0.00010489633625849388 + 0.0im, 2.7289932544553184e-5 + 0.0im, -6.63687496936255e-5 + 0.0im, 6.498780622564673e-5 + 0.0im, 0.0002810245948993752 + 0.0im, -0.000844935627192122 + 0.0im, 0.055892712782758584 + 0.0im, -0.008853736556178623 + 0.0im, 0.00011628629030350804 + 0.0im, 1.1748890957058618e-5 + 0.0im, 0.003670509439845334 + 0.0im, -0.001033656074445958 + 0.0im, 0.001566689525599403 + 0.0im, 0.03936657216806555 + 0.0im, 0.014408310238636132 + 0.0im, -0.0007156258931811299 + 0.0im, -3.365920604252516e-5 + 0.0im, -3.935430469753055e-5 + 0.0im, 0.0003940690269087379 + 0.0im, 0.0031486789392620837 + 0.0im, 0.0009834529526313968 + 0.0im, 0.000277049476047721 + 0.0im, -3.9100550995530813e-7 + 0.0im, -4.649290305506623e-6 + 0.0im, -0.00010744134019378296 + 0.0im, 0.0008267257000944837 + 0.0im, -0.00031750828273331726 + 0.0im, 0.0026514641917827087 + 0.0im, 0.0015655563429592323 + 0.0im, -1.440327177648047e-5 + 0.0im, -0.0006882668270048577 + 0.0im, 0.005323345410851005 + 0.0im, -0.0018784262368264997 + 0.0im, -9.43334868276755e-5 + 0.0im, -0.0001145479538152386 + 0.0im, -4.65867867091886e-5 + 0.0im, -3.595381102262644e-5 + 0.0im, -6.202018498223536e-5 + 0.0im, 5.934945277202566e-5 + 0.0im, 7.759689697723317e-6 + 0.0im, -0.0010603070900786426 + 0.0im, -0.00109869643687032 + 0.0im, 4.68561896125841e-5 + 0.0im, 4.920973735550629e-6 + 0.0im, -4.580550241703353e-6 + 0.0im, -0.0001006375267173895 + 0.0im, -0.00010452991531433674 + 0.0im, 0.0009309811660564143 + 0.0im, -0.0001549134978907401 + 0.0im, -0.00027253709146296247 + 0.0im, -0.0002010962837484228 + 0.0im, -0.00011745626244182612 + 0.0im, -0.01467071203677266 + 0.0im, 0.10812348693898224 + 0.0im, -0.0040328592529958905 + 0.0im, 0.0015033381418937456 + 0.0im, 7.496099395214719e-5 + 0.0im, 0.00012922282203684283 + 0.0im, -0.0011983066315259664 + 0.0im, 0.021181350852081123 + 0.0im, -0.001782774292294238 + 0.0im, -0.00028989338574866136 + 0.0im, -0.0003054458662635001 + 0.0im, -0.00012697559832294524 + 0.0im, 7.031727248344091e-7 + 0.0im, 1.606770421474131e-5 + 0.0im, -0.0004739834264030451 + 0.0im, -0.00023555273524639812 + 0.0im, -0.00020975482322156946 + 0.0im, 0.0009348970532004093 + 0.0im, 4.5859222872124086e-5 + 0.0im, -4.2460148208841335e-6 + 0.0im, -5.689470689691827e-5 + 0.0im, -0.00014213111820657938 + 0.0im, 0.0024474867561710724 + 0.0im, 0.031013980099982883 + 0.0im, -0.035603765237474536 + 0.0im, -0.002599494093153166 + 0.0im, 4.00993892841072e-5 + 0.0im, 0.0004975946002837133 + 0.0im, 0.027340123382065543 + 0.0im, 0.029722269135034795 + 0.0im, 0.0192737945196151 + 0.0im, 0.0013382473903337784 + 0.0im, 1.2059505324780004e-5 + 0.0im, -4.870336419089674e-7 + 0.0im, 7.220284171560771e-6 + 0.0im, -7.77012508037541e-5 + 0.0im, 0.00025171768338179705 + 0.0im, -0.0007635398225013341 + 0.0im, -0.0003506320937721194 + 0.0im, 0.0004130348583162537 + 0.0im, -3.320108690184254e-5 + 0.0im, -2.9947193670387818e-6 + 0.0im, 0.00011106997124891927 + 0.0im, 0.0006105939175497944 + 0.0im, 0.000525603570541494 + 0.0im, 0.023927049605199126 + 0.0im, -0.013554954301841527 + 0.0im, 0.0002773421658809064 + 0.0im, 0.0002773421658809409 + 0.0im, -0.013554954301842136 + 0.0im, 0.02392704960519737 + 0.0im, 0.008382099881799455 + 0.0im, 0.0006105939175498205 + 0.0im, 0.00011106997124910046 + 0.0im, -2.994719367018257e-6 + 0.0im, -3.3201086901890777e-5 + 0.0im, 0.00041303485831646234 + 0.0im, -0.00035063209377236766 + 0.0im, 0.0005256035705411432 + 0.0im, 0.00025171768338166516 + 0.0im, -7.77012508036867e-5 + 0.0im, 7.220284171210503e-6 + 0.0im, -4.870336411286201e-7 + 0.0im, 1.205950532486992e-5 + 0.0im, 0.001338247390334111 + 0.0im, -0.0007635398225012621 + 0.0im, 0.029722269135033206 + 0.0im, 0.027340123382064666 + 0.0im, 0.0004975946002835869 + 0.0im, 4.009938928407091e-5 + 0.0im, -0.0025994940931526947 + 0.0im, -0.03560376523747668 + 0.0im, 0.019273794519615625 + 0.0im, 0.0024474867561705025 + 0.0im, -0.000142131118206783 + 0.0im, -5.689470689643952e-5 + 0.0im, -4.2460148204941375e-6 + 0.0im, 4.585922287192388e-5 + 0.0im, 0.0009348970532007258 + 0.0im, 0.031013980099986408 + 0.0im, -0.00023555273524620497 + 0.0im, -0.00047398342640260916 + 0.0im, 1.60677042151705e-5 + 0.0im, 7.031727244080294e-7 + 0.0im, -0.0001269755983225814 + 0.0im, -0.0003054458662636072 + 0.0im, -0.00020975482322147762 + 0.0im, -0.0017827742922941808 + 0.0im, 0.021181350852081962 + 0.0im, -0.0011983066315251808 + 0.0im, 0.00012922282203662658 + 0.0im, 7.4960993952341e-5 + 0.0im, 0.0015033381418936417 + 0.0im, -0.00028989338574888975 + 0.0im, 0.10812348693897952 + 0.0im, -0.014670712036771972 + 0.0im, -0.00011745626244166151 + 0.0im, -0.0002010962837477833 + 0.0im, -0.0002725370914629542 + 0.0im, -0.0001549134978907069 + 0.0im, -0.004032859252995593 + 0.0im, -0.00010452991531425144 + 0.0im, -0.00010063752671743653 + 0.0im, -4.580550241643625e-6 + 0.0im, 4.9209737354017e-6 + 0.0im, 4.685618961234593e-5 + 0.0im, -0.0010986964368674941 + 0.0im, 0.0009309811660564237 + 0.0im, 7.75968969711962e-6 + 0.0im, 5.934945277212377e-5 + 0.0im, -6.202018498214522e-5 + 0.0im, -3.595381102052934e-5 + 0.0im, -4.658678670978898e-5 + 0.0im, -0.00011454795381612469 + 0.0im, -0.0010603070900787703 + 0.0im, -0.001878426236826006 + 0.0im, 0.005323345410851811 + 0.0im, -0.0006882668270056312 + 0.0im, -1.4403271776530872e-5 + 0.0im, 0.0015655563429598284 + 0.0im, 0.002651464191782749 + 0.0im, -9.4333486827744e-5 + 0.0im, 0.0008267257000938812 + 0.0im, -0.00010744134019634729 + 0.0im, -4.64929030561189e-6 + 0.0im, -3.910055106030838e-7 + 0.0im, 0.0002770494760477889 + 0.0im, 0.0009834529526316607 + 0.0im, -0.0003175082827335701 + 0.0im, 0.00039406902690838447 + 0.0im, -3.935430469747903e-5 + 0.0im, -3.365920604241314e-5 + 0.0im, -0.0007156258931809113 + 0.0im, 0.014408310238636647 + 0.0im, 0.039366572168067535 + 0.0im, 0.0031486789392618864 + 0.0im, -0.0010336560744461359 + 0.0im, 0.0036705094398457347 + 0.0im, 1.1748890956942734e-5 + 0.0im, 0.00011628629030358634 + 0.0im, -0.008853736556178667 + 0.0im, 0.05589271278275709 + 0.0im, 0.001566689525599291 + 0.0im, 0.0002810245948984327 + 0.0im, 6.498780623472774e-5 + 0.0im, -6.636874969387641e-5 + 0.0im, 2.728993254463178e-5 + 0.0im, -0.00010489633625900902 + 0.0im, 0.014298452586026968 + 0.0im, -0.0008449356271919199 + 0.0im, -0.079707871113125 + 0.0im, -0.002144269245798446 + 0.0im, 2.087608808042691e-6 + 0.0im, 2.7384414436782693e-5 + 0.0im, 0.0021922203003709707 + 0.0im, 0.006326754876178744 + 0.0im, -0.04785721874974694 + 0.0im, 0.002962635122944473 + 0.0im, 0.0002485326404978442 + 0.0im, -0.00023481722959224464 + 0.0im, -0.00020345170133969452 + 0.0im, 0.0006428147903489121 + 0.0im, -0.013394824192155371 + 0.0im, -0.10246526713437985 + 0.0im, -0.00030213777423496126 + 0.0im, -4.575613718797658e-5 + 0.0im, 1.6420396723134526e-5 + 0.0im, -0.00014892423718066547 + 0.0im, 0.0004625052605989507 + 0.0im, 3.1420692253017375e-5 + 0.0im, 0.004376026361713379 + 0.0im, -0.02647498363994802 + 0.0im, 0.002714376445379517 + 0.0im, -0.0009727088146457069 + 0.0im, 3.0775113875141226e-5 + 0.0im, 2.9140064922364308e-5 + 0.0im, -0.00040719199764957016 + 0.0im, -0.00782927930620648 + 0.0im, 0.0043908350677041175 + 0.0im, 0.0004685849257703691 + 0.0im, 6.367462076901445e-5 + 0.0im, 0.00012190559203455252 + 0.0im, -0.0030616625681166155 + 0.0im, 0.09171093437452704 + 0.0im, -0.01203857219790538 + 0.0im, -0.005946608345372762 + 0.0im, -6.638284289642451e-5 + 0.0im, 5.095316366402105e-6 + 0.0im, -2.6942602102313735e-6 + 0.0im, -7.770817245274476e-5 + 0.0im, -0.001262866406453357 + 0.0im, -0.00015833087002795608 + 0.0im, 0.00039626378740505446 + 0.0im, -0.00020115583194414593 + 0.0im, 4.248690921691867e-6 + 0.0im, 1.2373434038908432e-6 + 0.0im, 9.16633955250099e-5 + 0.0im, 6.970178378770144e-5 + 0.0im, -0.0004823430385942568 + 0.0im, -0.0032135680127950523 + 0.0im, 0.0011219035381866275 + 0.0im, 8.529693844483973e-6 + 0.0im, -3.197636942257211e-6 + 0.0im, -8.24210953223723e-5 + 0.0im, 0.008352197820101843 + 0.0im, 0.05373996326902741 + 0.0im, 0.001972003448776232 + 0.0im, 0.0019390457610340517 + 0.0im, 9.395858687633849e-5 + 0.0im, 1.5960098753324507e-6 + 0.0im, -0.00012118231937262514 + 0.0im, -0.0015777861990864243 + 0.0im, -0.0008407523243837714 + 0.0im, -0.0003012847290318833 + 0.0im, -0.0003626488259021093 + 0.0im, -0.00011557258702844882 + 0.0im, 1.7890541685604825e-5 + 0.0im, -3.1009504009195254e-5 + 0.0im, 0.00019840720506533743 + 0.0im, 5.536997175118906e-5 + 0.0im, -0.00011750603148818017 + 0.0im, -7.028304091115266e-6 + 0.0im, -1.1167395033065065e-5 + 0.0im, -6.154075797281365e-5 + 0.0im, -0.0006836080854375552 + 0.0im, 0.0009773540721956483 + 0.0im, 0.006686921198032739 + 0.0im, -0.0016547189580673673 + 0.0im, -6.0614279141412885e-5 + 0.0im, -0.00018629930713874745 + 0.0im, 3.3425555053925445e-6 + 0.0im, -0.0003529048396825389 + 0.0im, 0.002566722148826052 + 0.0im, 6.83156231573213e-5 + 0.0im, 0.01950026026533781 + 0.0im, -0.0005652725863088954 + 0.0im, 2.2759928140300154e-5 + 0.0im, 1.0857020476675398e-5 + 0.0im, -0.0008228811213240536 + 0.0im, 0.003444499698198401 + 0.0im, -0.0011469893270384943 + 0.0im, -0.010506781380941264 + 0.0im, -2.425599894697816e-5 + 0.0im, 7.569233354848965e-6 + 0.0im, 9.643144171775794e-6 + 0.0im, 0.00014018686327145534 + 0.0im, -0.00525769021291739 + 0.0im, 0.005128762829603648 + 0.0im, 0.00011666096349391076 + 0.0im, -0.0023838589760842104 + 0.0im, -5.837267649985651e-5 + 0.0im, -6.63635455996674e-6 + 0.0im, 5.475187686126131e-6 + 0.0im, -0.000515444791429134 + 0.0im, 0.008039241954049219 + 0.0im, 0.004187939504758611 + 0.0im, -0.004510901747859461 + 0.0im, 1.4196699288213235e-5 + 0.0im, -2.1354481494590996e-5 + 0.0im, -5.947525247125114e-5 + 0.0im, 0.00024465113860360177 + 0.0im, -0.019563680085364823 + 0.0im, -0.005088105280689061 + 0.0im, 0.0018921103804221415 + 0.0im, -3.9448860532215166e-5 + 0.0im, -0.00011046409264497578 + 0.0im, 0.0011501705367822615 + 0.0im, 0.0017316874059642817 + 0.0im, -0.07377943924766457 + 0.0im, -0.0003412500967418346 + 0.0im, 0.0002984626543453574 + 0.0im, -0.0001854637886624286 + 0.0im, 1.263772620340468e-6 + 0.0im, 8.530125858396204e-6 + 0.0im, -0.00011388660588592575 + 0.0im, -0.0006926711990205891 + 0.0im, 0.02002653741647428 + 0.0im, -0.00013648732874273895 + 0.0im, 0.002437403717973736 + 0.0im, 4.0728558016268576e-5 + 0.0im, 0.00022282867248963543 + 0.0im, 6.379476200434559e-5 + 0.0im, -0.008102292507962171 + 0.0im, -0.03270847181797008 + 0.0im, 0.0014615847065113582 + 0.0im, 0.0011333232938252997 + 0.0im, -7.97786360585226e-6 + 0.0im, -7.334508659146089e-5 + 0.0im, 0.0021063445133182816 + 0.0im, -0.08678448942150586 + 0.0im, 0.0015787164131299922 + 0.0im, 0.007025386980994828 + 0.0im, -0.0001376830309053322 + 0.0im, -4.950105529167735e-6 + 0.0im, 3.46786910572124e-5 + 0.0im, -0.0013074632637142865 + 0.0im, 0.015346601090883445 + 0.0im, 0.0016812012063460349 + 0.0im, -0.0646028950679638 + 0.0im, 0.0006164263117832749 + 0.0im, 7.053929260725648e-5 + 0.0im, 0.000550002457730897 + 0.0im, 0.009248385912943831 + 0.0im, 0.0003736914708006603 + 0.0im, -0.001217363825528771 + 0.0im, -0.08146874318892043 + 0.0im, -0.0023904297663945497 + 0.0im, -0.0003116444623514834 + 0.0im, -5.941142018660136e-5 + 0.0im, 0.0015130388283388098 + 0.0im, 0.0004931921766347555 + 0.0im, -0.0007969904589823208 + 0.0im, -0.009132381731045766 + 0.0im, 2.0892241977907234e-5 + 0.0im, 1.081889073921394e-5 + 0.0im, -2.1826610212620045e-5 + 0.0im, -3.55712957139817e-5 + 0.0im, -0.0037338327184563485 + 0.0im, 0.002247324984844667 + 0.0im, -0.015611528229010414 + 0.0im, 0.00023038420890590723 + 0.0im, 4.2062310370098516e-5 + 0.0im, 0.00014874375048226074 + 0.0im, 0.0029890075538266513 + 0.0im, 0.0023757412801521183 + 0.0im, 3.0464635902646216e-5 + 0.0im, -0.0023878918742439655 + 0.0im, 0.00014647028726203176 + 0.0im, 2.1511569491907382e-5 + 0.0im, 0.0004970573868795002 + 0.0im, -0.0056942333727788745 + 0.0im, -7.655765086227015e-5 + 0.0im, -0.0003715577980333329 + 0.0im, -0.0002045577158725219 + 0.0im, -4.6105258370478644e-5 + 0.0im, 1.842908053860225e-6 + 0.0im, -4.55204343691601e-6 + 0.0im, -0.00020572627981606755 + 0.0im, 0.0007413114756624943 + 0.0im, 0.00014392809042484693 + 0.0im, -7.641272479114147e-6 + 0.0im, -2.5009859345220814e-5 + 0.0im, -8.608685598581159e-6 + 0.0im, 9.897995945903523e-5 + 0.0im, 0.012200899147903281 + 0.0im, -0.002869941293778434 + 0.0im, -8.354148269881875e-5 + 0.0im, 0.0002761117965453873 + 0.0im, 0.00034790946395410054 + 0.0im, 0.0005133474466746653 + 0.0im, 0.0036134841264150058 + 0.0im, -0.16846469565918382 + 0.0im, -0.004920481233531101 + 0.0im, 2.2475772645710945e-5 + 0.0im, -0.0024255336732297026 + 0.0im, -0.00017846107318326984 + 0.0im, -2.1445906777461483e-5 + 0.0im, 0.0011214452801343042 + 0.0im, -0.013193981854640813 + 0.0im, 6.868385749482324e-5 + 0.0im, -0.0007797828419688348 + 0.0im, 0.0017808717060761843 + 0.0im, -1.8500445651515737e-5 + 0.0im, -2.333631558818307e-6 + 0.0im, 8.875009798232577e-6 + 0.0im, -1.0995103472033929e-5 + 0.0im, -0.007513482764559995 + 0.0im, 0.011474804914277329 + 0.0im, -0.19108680190591532 + 0.0im, 0.0015468516606693017 + 0.0im, 8.281327710940367e-5 + 0.0im, 0.001546851660669305 + 0.0im, -0.19108680190590707 + 0.0im, 0.01147480491427822 + 0.0im, -0.051606881486997665 + 0.0im, 0.006800246574236064 + 0.0im, -5.232640695145083e-6 + 0.0im, -1.0504292040554857e-5 + 0.0im, -0.00018305033757821894 + 0.0im, -0.03217227929827393 + 0.0im, 0.0016545127847722165 + 0.0im, 0.0022176782469033973 + 0.0im, 0.0004063992303218391 + 0.0im, -2.79333308798301e-6 + 0.0im, -4.561840516975443e-7 + 0.0im, 7.652055547953265e-6 + 0.0im, 0.00038017732538974763 + 0.0im, -8.759742437799777e-5 + 0.0im, -0.002799152616090174 + 0.0im, -0.007683307624838092 + 0.0im, 0.0010940967535570884 + 0.0im, -1.2658870085043554e-5 + 0.0im, -0.0007686083762175034 + 0.0im, 0.0011593780839378657 + 0.0im, -0.0013357986483268523 + 0.0im, -0.0013357986483273796 + 0.0im, 0.0011593780839379993 + 0.0im, -0.0007686083762174021 + 0.0im, -1.2658870085046773e-5 + 0.0im, 0.0010940967535570014 + 0.0im, -0.007683307624838646 + 0.0im, -0.0027991526160902505 + 0.0im, -8.759742437713366e-5 + 0.0im, 0.0003801773253897014 + 0.0im, 7.652055548045482e-6 + 0.0im, -4.5618405180097074e-7 + 0.0im, -2.7933330879833323e-6 + 0.0im, 0.00040639923032141255 + 0.0im, 0.0022176782469013724 + 0.0im, 0.0016545127847761372 + 0.0im, -0.03217227929827368 + 0.0im, -0.00018305033757834029 + 0.0im, -1.0504292040132242e-5 + 0.0im, -5.2326406951587895e-6 + 0.0im, 0.006800246574235147 + 0.0im, -0.05160688148699995 + 0.0im, 0.0023757412801528916 + 0.0im, 0.0029890075538269063 + 0.0im, 0.00014874375048247422 + 0.0im, 4.206231037020202e-5 + 0.0im, 0.00023038420890579813 + 0.0im, -0.015611528229008754 + 0.0im, 0.002247324984844646 + 0.0im, -0.007513482764560682 + 0.0im, -1.0995103472354868e-5 + 0.0im, 8.875009796984778e-6 + 0.0im, -2.3336315602988143e-6 + 0.0im, -1.8500445650175778e-5 + 0.0im, 0.0017808717060765148 + 0.0im, -0.0007797828419687147 + 0.0im, 6.868385749471637e-5 + 0.0im, -0.013193981854641917 + 0.0im, 0.0011214452801343992 + 0.0im, -2.1445906777258724e-5 + 0.0im, -0.0001784610731837981 + 0.0im, -0.002425533673229218 + 0.0im, 2.2475772645628095e-5 + 0.0im, -0.004920481233531458 + 0.0im, -0.168464695659187 + 0.0im, 0.0036134841264152634 + 0.0im, 0.0005133474466740534 + 0.0im, 0.0003479094639539714 + 0.0im, 0.00027611179654538325 + 0.0im, -8.354148269860226e-5 + 0.0im, -0.002869941293778331 + 0.0im, 0.012200899147903274 + 0.0im, 9.897995945831805e-5 + 0.0im, -8.608685598719042e-6 + 0.0im, -2.5009859344897715e-5 + 0.0im, -7.641272479332363e-6 + 0.0im, 0.00014392809042522485 + 0.0im, 0.000741311475662322 + 0.0im, -0.00020572627981673352 + 0.0im, -4.552043437205843e-6 + 0.0im, 1.842908053885658e-6 + 0.0im, -4.6105258370714255e-5 + 0.0im, -0.0002045577158729096 + 0.0im, -0.00037155779803345654 + 0.0im, -7.655765086204108e-5 + 0.0im, -0.005694233372779104 + 0.0im, 0.0004970573868794403 + 0.0im, 2.1511569492061596e-5 + 0.0im, 0.00014647028726188705 + 0.0im, -0.002387891874245288 + 0.0im, 3.0464635902683377e-5 + 0.0im, -0.0006926711990211164 + 0.0im, -0.00011388660588613513 + 0.0im, 8.530125858522568e-6 + 0.0im, 1.2637726203331824e-6 + 0.0im, -0.00018546378866252138 + 0.0im, 0.00029846265434529495 + 0.0im, -0.00034125009674230636 + 0.0im, -0.0037338327184560844 + 0.0im, -3.5571295714012084e-5 + 0.0im, -2.1826610212692324e-5 + 0.0im, 1.0818890739195438e-5 + 0.0im, 2.0892241979887106e-5 + 0.0im, -0.009132381731046005 + 0.0im, -0.0007969904589819965 + 0.0im, 0.0004931921766346118 + 0.0im, 0.001513038828339181 + 0.0im, -5.9411420186620826e-5 + 0.0im, -0.0003116444623508753 + 0.0im, -0.0023904297663941013 + 0.0im, -0.08146874318890557 + 0.0im, -0.0012173638255304165 + 0.0im, 0.0003736914708007441 + 0.0im, 0.00924838591294336 + 0.0im, 0.0005500024577309627 + 0.0im, 7.053929260755166e-5 + 0.0im, 0.0006164263117832014 + 0.0im, -0.06460289506795636 + 0.0im, 0.0016812012063471226 + 0.0im, 0.015346601090883915 + 0.0im, -0.0013074632637140504 + 0.0im, 3.467869105655748e-5 + 0.0im, -4.95010552933665e-6 + 0.0im, -0.00013768303090547131 + 0.0im, 0.007025386981000952 + 0.0im, 0.0015787164131320856 + 0.0im, -0.08678448942149569 + 0.0im, 0.0021063445133183297 + 0.0im, -7.334508659140891e-5 + 0.0im, -7.977863605852554e-6 + 0.0im, 0.0011333232938259164 + 0.0im, 0.0014615847065112043 + 0.0im, -0.032708471817969785 + 0.0im, -0.008102292507960797 + 0.0im, 6.379476200437581e-5 + 0.0im, 0.00022282867248966983 + 0.0im, 4.07285580160989e-5 + 0.0im, 0.002437403717974194 + 0.0im, -0.00013648732874208528 + 0.0im, 0.02002653741647475 + 0.0im, 0.006686921198031078 + 0.0im, 0.0009773540721959362 + 0.0im, -0.0006836080854381723 + 0.0im, -6.154075797268007e-5 + 0.0im, -1.1167395032947797e-5 + 0.0im, -7.028304090203277e-6 + 0.0im, -0.00011750603148841082 + 0.0im, -0.07377943924765297 + 0.0im, 0.0017316874059633421 + 0.0im, 0.0011501705367822324 + 0.0im, -0.00011046409264216153 + 0.0im, -3.9448860532229214e-5 + 0.0im, 0.0018921103804225036 + 0.0im, -0.0050881052806893146 + 0.0im, -0.019563680085364854 + 0.0im, 0.00024465113860424855 + 0.0im, -5.94752524712142e-5 + 0.0im, -2.135448149451696e-5 + 0.0im, 1.4196699288290879e-5 + 0.0im, -0.004510901747862163 + 0.0im, 0.004187939504758198 + 0.0im, 0.008039241954049642 + 0.0im, -0.0005154447914295665 + 0.0im, 5.475187688163527e-6 + 0.0im, -6.63635456039323e-6 + 0.0im, -5.837267649976573e-5 + 0.0im, -0.0023838589760837047 + 0.0im, 0.00011666096349392918 + 0.0im, 0.005128762829604533 + 0.0im, -0.00525769021292127 + 0.0im, 0.00014018686327118085 + 0.0im, 9.643144172030877e-6 + 0.0im, 7.569233354953442e-6 + 0.0im, -2.4255998947043853e-5 + 0.0im, -0.010506781380942281 + 0.0im, -0.0011469893270395126 + 0.0im, 0.0034444996981997144 + 0.0im, -0.0008228811213233233 + 0.0im, 1.0857020476714777e-5 + 0.0im, 2.275992814047087e-5 + 0.0im, -0.000565272586308959 + 0.0im, 0.019500260265340814 + 0.0im, 6.831562315745477e-5 + 0.0im, 0.002566722148825096 + 0.0im, -0.00035290483968281055 + 0.0im, 3.3425555053587674e-6 + 0.0im, -0.00018629930713921918 + 0.0im, -6.061427914148175e-5 + 0.0im, -0.0016547189580678823 + 0.0im, 0.00119038070222566 + 0.0im, -2.7239511292714057e-5 + 0.0im, 0.0003223071505173375 + 0.0im, 3.616171697894927e-7 + 0.0im, -1.143352245174046e-5 + 0.0im, 5.436428840956626e-5 + 0.0im, -8.740019677259653e-5 + 0.0im, 0.011139260782460431 + 0.0im, -0.00035178073757391595 + 0.0im, -0.0006196460710704908 + 0.0im, -1.840349183270667e-5 + 0.0im, 0.0023745327921262873 + 0.0im, 0.0003298845072684941 + 0.0im, 0.0017161141881179218 + 0.0im, -0.015339499898247736 + 0.0im, 0.00032769645187833563 + 0.0im, -6.0278624593174965e-5 + 0.0im, -4.007320649220065e-6 + 0.0im, -0.00010940492689770801 + 0.0im, -0.0021079733483235653 + 0.0im, 0.0753019205689472 + 0.0im, 0.00038087375174583463 + 0.0im, -0.003396824574643557 + 0.0im, 1.4421036421401256e-5 + 0.0im, 1.9014497896413e-5 + 0.0im, 1.6648771914220776e-5 + 0.0im, -0.00040723382890183585 + 0.0im, 0.0015508667143364493 + 0.0im, -0.0024805465949873503 + 0.0im, 0.023278717180386106 + 0.0im, 0.00026653277493191724 + 0.0im, -3.074203212597119e-5 + 0.0im, -2.3725189871738756e-6 + 0.0im, -0.003135439183994345 + 0.0im, -0.0032556870139551814 + 0.0im, 0.042650506363542624 + 0.0im, 0.06584743214504467 + 0.0im, -0.0006857785357991605 + 0.0im, 0.0001306548850746483 + 0.0im, -3.982804376186584e-5 + 0.0im, 0.00012124087482865449 + 0.0im, 0.0032083571819668077 + 0.0im, 0.00030872887446070543 + 0.0im, -0.0005998049071297195 + 0.0im, -7.645811803148428e-6 + 0.0im, -1.1392696244909357e-5 + 0.0im, 0.0006238445969090303 + 0.0im, -0.001517745088901071 + 0.0im, 0.010913499973226153 + 0.0im, -0.00020891606139286314 + 0.0im, 0.0018496548544109515 + 0.0im, 0.000602110407269798 + 0.0im, 3.535330902156985e-5 + 0.0im, -0.00018948872306209853 + 0.0im, -0.0027327428793305054 + 0.0im, 0.00017851065367780234 + 0.0im, 0.005347616331554057 + 0.0im, 7.737259719493186e-6 + 0.0im, 0.000965721375594468 + 0.0im, 5.823914160108355e-6 + 0.0im, -0.0005103071444902517 + 0.0im, -4.3638328567305055e-5 + 0.0im, 0.004508137359022849 + 0.0im, 0.005083726421998842 + 0.0im, -0.0023890549354594116 + 0.0im, -2.3908141672074776e-5 + 0.0im, 6.908212152324703e-7 + 0.0im, -1.759776472722213e-5 + 0.0im, 0.0026031896805739207 + 0.0im, -0.009587518125874371 + 0.0im, -0.0005225279916001011 + 0.0im, 0.0007687251833339294 + 0.0im, -3.0181376895755895e-5 + 0.0im, 0.00011416699121142533 + 0.0im, 0.0005184184411682097 + 0.0im, -0.0025692152723795127 + 0.0im, 0.0034421341294710536 + 0.0im, 0.009332101641922285 + 0.0im, 0.006063288564289247 + 0.0im, -3.476927341251255e-5 + 0.0im, 0.0001113095733400368 + 0.0im, 0.0018165595280385347 + 0.0im, 0.06731476220630263 + 0.0im, 0.000149215920061794 + 0.0im, 0.00020887832362296603 + 0.0im, -0.018828545680201945 + 0.0im, -0.000878294175350471 + 0.0im, 6.507358720983819e-5 + 0.0im, -3.5309867542916706e-5 + 0.0im, -0.0008254938308308166 + 0.0im, 2.378365287738614e-5 + 0.0im, 0.00045238174766213226 + 0.0im, 0.0008529604213383588 + 0.0im, -2.2125756201009772e-5 + 0.0im, -6.956680771622114e-7 + 0.0im, -2.4717506688437183e-5 + 0.0im, -0.00032053589550379085 + 0.0im, 0.005411227876073406 + 0.0im, -0.004616499193723377 + 0.0im, 0.061531483351901714 + 0.0im, -0.0003471292992545239 + 0.0im, -0.00029479524080489836 + 0.0im, -0.004986676826787355 + 0.0im, -0.0942812111465751 + 0.0im, -0.005333634678876981 + 0.0im, 0.0007496581555134529 + 0.0im, -0.0009453849058519907 + 0.0im, 5.085184687833761e-5 + 0.0im, -6.782659541800351e-6 + 0.0im, 6.684841314537899e-5 + 0.0im, -0.0025837782119046207 + 0.0im, -5.1432373634623266e-5 + 0.0im, 0.0009184304900424136 + 0.0im, -0.0008109500434420971 + 0.0im, -3.684078782092503e-6 + 0.0im, 1.0257486433338515e-5 + 0.0im, 3.025046700302176e-5 + 0.0im, -0.0008604444134516918 + 0.0im, 0.0001934897528187034 + 0.0im, 0.0010310535970762145 + 0.0im, 0.0007631724400032398 + 0.0im, 0.0015732047410758137 + 0.0im, -1.8558923163543735e-5 + 0.0im, -0.004617312588504844 + 0.0im, -0.0876125783239198 + 0.0im, 0.0016823535232684426 + 0.0im, -0.0005323961430139814 + 0.0im, 1.6756799336238974e-5 + 0.0im, -4.66822527369643e-5 + 0.0im, -5.8404133675209104e-5 + 0.0im, -0.0010104700685750379 + 0.0im, -0.014350800892988036 + 0.0im, 0.00038358409752573273 + 0.0im, 9.29817447125682e-5 + 0.0im, -0.0015223227718450451 + 0.0im, -2.3780514422518112e-5 + 0.0im, -2.8071220473613678e-6 + 0.0im, 1.0865199216910743e-5 + 0.0im, 0.0003220569698293318 + 0.0im, -0.004169352950366813 + 0.0im, -0.022088893761794303 + 0.0im, 0.012486952638183575 + 0.0im, -0.00019413720254187944 + 0.0im, 7.809328117246809e-6 + 0.0im, 6.399748436377407e-5 + 0.0im, 0.008556272657365166 + 0.0im, -0.19090303146581072 + 0.0im, -0.19090303146581616 + 0.0im, 0.008556272657365966 + 0.0im, 6.399748436387e-5 + 0.0im, 7.809328117188204e-6 + 0.0im, -0.00019413720254256965 + 0.0im, 0.01248695263818495 + 0.0im, -0.022088893761794876 + 0.0im, -0.004169352950366973 + 0.0im, 0.0003220569698296897 + 0.0im, 1.086519921713208e-5 + 0.0im, -2.807122046849702e-6 + 0.0im, -2.3780514422261325e-5 + 0.0im, -0.0015223227718452563 + 0.0im, 9.29817447130082e-5 + 0.0im, 0.00038358409752576667 + 0.0im, -0.014350800892988583 + 0.0im, -0.001010470068575029 + 0.0im, -5.840413367532553e-5 + 0.0im, -4.668225273688248e-5 + 0.0im, 1.675679933629436e-5 + 0.0im, -0.0005323961430156463 + 0.0im, 0.0016823535232685127 + 0.0im, -0.08761257832391821 + 0.0im, -0.004617312588504531 + 0.0im, -1.8558923163571046e-5 + 0.0im, 0.0015732047410749015 + 0.0im, 0.0007631724400033804 + 0.0im, 0.0010310535970762585 + 0.0im, 0.00019348975281872644 + 0.0im, -0.0008604444134515271 + 0.0im, 3.025046700282279e-5 + 0.0im, 1.0257486433506212e-5 + 0.0im, -3.6840787820853393e-6 + 0.0im, -0.0008109500434422692 + 0.0im, 0.000918430490042027 + 0.0im, -5.143237363265994e-5 + 0.0im, -0.0025837782119048527 + 0.0im, 6.684841314497722e-5 + 0.0im, -6.782659541865938e-6 + 0.0im, 5.08518468782775e-5 + 0.0im, -0.0009453849058522339 + 0.0im, 0.0007496581555133849 + 0.0im, -0.005333634678876824 + 0.0im, -0.09428121114657541 + 0.0im, -0.004986676826787312 + 0.0im, -0.0002947952408048417 + 0.0im, -0.00034712929925456335 + 0.0im, 0.06153148335190626 + 0.0im, -0.004616499193723109 + 0.0im, 0.005411227876072724 + 0.0im, -0.000320535895503605 + 0.0im, -2.471750668560954e-5 + 0.0im, -6.956680775645269e-7 + 0.0im, -2.2125756200702218e-5 + 0.0im, 0.0008529604213381892 + 0.0im, 0.00045238174766171614 + 0.0im, 2.378365287737615e-5 + 0.0im, -0.0008254938308328489 + 0.0im, -3.530986754297557e-5 + 0.0im, 6.507358721087978e-5 + 0.0im, -0.000878294175351005 + 0.0im, -0.018828545680201942 + 0.0im, 0.00020887832362312747 + 0.0im, 0.0001492159200616394 + 0.0im, 0.06731476220630589 + 0.0im, 0.0018165595280385486 + 0.0im, 0.00011130957333927206 + 0.0im, -3.4769273412916506e-5 + 0.0im, 0.006063288564289502 + 0.0im, 0.009332101641922563 + 0.0im, 0.003442134129470915 + 0.0im, -0.0025692152723791185 + 0.0im, 0.0005184184411662213 + 0.0im, 0.00011416699121048654 + 0.0im, -3.0181376895826287e-5 + 0.0im, 0.0007687251833340524 + 0.0im, -0.0005225279916004215 + 0.0im, -0.009587518125874854 + 0.0im, 0.002603189680574465 + 0.0im, -1.759776472716548e-5 + 0.0im, 6.908212152312442e-7 + 0.0im, -2.39081416726901e-5 + 0.0im, -0.002389054935458831 + 0.0im, 0.0050837264219983505 + 0.0im, 0.004508137359023206 + 0.0im, -4.3638328567201724e-5 + 0.0im, -0.0005103071444901295 + 0.0im, 5.823914159774718e-6 + 0.0im, 0.0009657213755950186 + 0.0im, 7.73725971945633e-6 + 0.0im, 0.005347616331554463 + 0.0im, 0.00017851065367923086 + 0.0im, -0.0027327428793307356 + 0.0im, -0.00018948872306205015 + 0.0im, 3.5353309021525876e-5 + 0.0im, 0.0006021104072696964 + 0.0im, 0.0018496548544117979 + 0.0im, -0.00020891606139279606 + 0.0im, 0.010913499973221389 + 0.0im, -0.0015177450889011022 + 0.0im, 0.0006238445969081679 + 0.0im, -1.1392696245017246e-5 + 0.0im, -7.645811801830454e-6 + 0.0im, -0.0005998049071291828 + 0.0im, 0.000308728874460402 + 0.0im, 0.0032083571819668914 + 0.0im, 0.00012124087482860262 + 0.0im, -3.982804376164963e-5 + 0.0im, 0.00013065488506987287 + 0.0im, -0.0006857785357992295 + 0.0im, 0.06584743214504868 + 0.0im, 0.042650506363545435 + 0.0im, -0.0032556870139551775 + 0.0im, -0.0031354391839949615 + 0.0im, -2.3725189875598974e-6 + 0.0im, -3.07420321249675e-5 + 0.0im, 0.0002665327749318628 + 0.0im, 0.023278717180384934 + 0.0im, -0.0024805465949876895 + 0.0im, 0.00155086671433649 + 0.0im, -0.0004072338288981306 + 0.0im, 1.6648771913447645e-5 + 0.0im, 1.901449789674964e-5 + 0.0im, 1.4421036421471118e-5 + 0.0im, -0.003396824574643397 + 0.0im, 0.00038087375174585014 + 0.0im, 0.0753019205689534 + 0.0im, -0.002107973348322897 + 0.0im, -0.00010940492689773207 + 0.0im, -4.00732064927942e-6 + 0.0im, -6.027862459359546e-5 + 0.0im, 0.00032769645187843657 + 0.0im, -0.015339499898253157 + 0.0im, 0.0017161141881181737 + 0.0im, 0.00032988450726848944 + 0.0im, 0.0023745327921239293 + 0.0im, -1.840349183259467e-5 + 0.0im, -0.0006196460710702205 + 0.0im, -0.0003517807375736369 + 0.0im, 0.011139260782462896 + 0.0im, -8.740019677222053e-5 + 0.0im, 5.436428840940747e-5 + 0.0im, -1.1433522451271295e-5 + 0.0im, 3.6161716992074957e-7 + 0.0im, 0.00032230715051759543 + 0.0im, -2.7239511292724387e-5 + 0.0im, 0.001190380702225381 + 0.0im, 0.012132776749276658 + 0.0im, -5.1076711237766e-5 + 0.0im, 0.0008162338959056848 + 0.0im, 6.48056123205949e-6 + 0.0im, 2.0703584422805094e-5 + 0.0im, -0.00042246154111936574 + 0.0im, 1.0485796210216641e-5 + 0.0im, 0.0068994332713564 + 0.0im, -0.0005715747454586847 + 0.0im, -8.634209596373504e-5 + 0.0im, 3.331870810611085e-5 + 0.0im, 0.0003963286754653085 + 0.0im, -0.018896391941203766 + 0.0im, -0.004571093618751991 + 0.0im, -0.12674163261823929 + 0.0im, 0.0008905868341903161 + 0.0im, 1.5356733580925253e-5 + 0.0im, -1.0140089857665751e-5 + 0.0im, -8.920422111533616e-5 + 0.0im, -0.0005102628212090437 + 0.0im, -0.002249669390685128 + 0.0im, 0.001330272182254459 + 0.0im, 1.3497598114793285e-5 + 0.0im, 2.0153572313174247e-5 + 0.0im, 2.8385133756422063e-6 + 0.0im, 2.0153572313156862e-5 + 0.0im, 1.3497598115232116e-5 + 0.0im, 0.0013302721822546866 + 0.0im, -0.002249669390685155 + 0.0im, -0.0005102628212094864 + 0.0im, -8.920422111611131e-5 + 0.0im, -1.0140089857305137e-5 + 0.0im, 1.5356733581061832e-5 + 0.0im, 0.0008905868341903277 + 0.0im, -0.12674163261824445 + 0.0im, -0.004571093618751964 + 0.0im, -0.018896391941204224 + 0.0im, 0.0003963286754653105 + 0.0im, 3.3318708106349505e-5 + 0.0im, -8.634209596401334e-5 + 0.0im, -0.0005715747454587617 + 0.0im, 0.006899433271357604 + 0.0im, 1.048579621061331e-5 + 0.0im, -0.0004224615411192352 + 0.0im, 2.070358442236839e-5 + 0.0im, 6.4805612322850726e-6 + 0.0im, 0.0008162338959064297 + 0.0im, -5.1076711237953505e-5 + 0.0im, 0.012132776749278375 + 0.0im, 0.012132776749276658 + 0.0im, -5.1076711237766e-5 + 0.0im, 0.0008162338959056848 + 0.0im, 6.48056123205949e-6 + 0.0im, 2.0703584422805094e-5 + 0.0im, -0.00042246154111936574 + 0.0im, 1.0485796210216641e-5 + 0.0im, 0.0068994332713564 + 0.0im, -0.0005715747454586847 + 0.0im, -8.634209596373504e-5 + 0.0im, 3.331870810611085e-5 + 0.0im, 0.0003963286754653085 + 0.0im, -0.018896391941203766 + 0.0im, -0.004571093618751991 + 0.0im, -0.12674163261823929 + 0.0im, 0.0008905868341903161 + 0.0im, 1.5356733580925253e-5 + 0.0im, -1.0140089857665751e-5 + 0.0im, -8.920422111533616e-5 + 0.0im, -0.0005102628212090437 + 0.0im, -0.002249669390685128 + 0.0im, 0.001330272182254459 + 0.0im, 1.3497598114793285e-5 + 0.0im, 2.0153572313174247e-5 + 0.0im, 2.8385133756422063e-6 + 0.0im, 2.0153572313156862e-5 + 0.0im, 1.3497598115232116e-5 + 0.0im, 0.0013302721822546866 + 0.0im, -0.002249669390685155 + 0.0im, -0.0005102628212094864 + 0.0im, -8.920422111611131e-5 + 0.0im, -1.0140089857305137e-5 + 0.0im, 1.5356733581061832e-5 + 0.0im, 0.0008905868341903277 + 0.0im, -0.12674163261824445 + 0.0im, -0.004571093618751964 + 0.0im, -0.018896391941204224 + 0.0im, 0.0003963286754653105 + 0.0im, 3.3318708106349505e-5 + 0.0im, -8.634209596401334e-5 + 0.0im, -0.0005715747454587617 + 0.0im, 0.006899433271357604 + 0.0im, 1.048579621061331e-5 + 0.0im, -0.0004224615411192352 + 0.0im, 2.070358442236839e-5 + 0.0im, 6.4805612322850726e-6 + 0.0im, 0.0008162338959064297 + 0.0im, -5.1076711237953505e-5 + 0.0im, 0.012132776749278375 + 0.0im, 0.00119038070222566 + 0.0im, -2.7239511292714057e-5 + 0.0im, 0.0003223071505173375 + 0.0im, 3.616171697894927e-7 + 0.0im, -1.143352245174046e-5 + 0.0im, 5.436428840956626e-5 + 0.0im, -8.740019677259653e-5 + 0.0im, 0.011139260782460431 + 0.0im, -0.00035178073757391595 + 0.0im, -0.0006196460710704908 + 0.0im, -1.840349183270667e-5 + 0.0im, 0.0023745327921262873 + 0.0im, 0.0003298845072684941 + 0.0im, 0.0017161141881179218 + 0.0im, -0.015339499898247736 + 0.0im, 0.00032769645187833563 + 0.0im, -6.0278624593174965e-5 + 0.0im, -4.007320649220065e-6 + 0.0im, -0.00010940492689770801 + 0.0im, -0.0021079733483235653 + 0.0im, 0.0753019205689472 + 0.0im, 0.00038087375174583463 + 0.0im, -0.003396824574643557 + 0.0im, 1.4421036421401256e-5 + 0.0im, 1.9014497896413e-5 + 0.0im, 1.6648771914220776e-5 + 0.0im, -0.00040723382890183585 + 0.0im, 0.0015508667143364493 + 0.0im, -0.0024805465949873503 + 0.0im, 0.023278717180386106 + 0.0im, 0.00026653277493191724 + 0.0im, -3.074203212597119e-5 + 0.0im, -2.3725189871738756e-6 + 0.0im, -0.003135439183994345 + 0.0im, -0.0032556870139551814 + 0.0im, 0.042650506363542624 + 0.0im, 0.06584743214504467 + 0.0im, -0.0006857785357991605 + 0.0im, 0.0001306548850746483 + 0.0im, -3.982804376186584e-5 + 0.0im, 0.00012124087482865449 + 0.0im, 0.0032083571819668077 + 0.0im, 0.00030872887446070543 + 0.0im, -0.0005998049071297195 + 0.0im, -7.645811803148428e-6 + 0.0im, -1.1392696244909357e-5 + 0.0im, 0.0006238445969090303 + 0.0im, -0.001517745088901071 + 0.0im, 0.010913499973226153 + 0.0im, -0.00020891606139286314 + 0.0im, 0.0018496548544109515 + 0.0im, 0.000602110407269798 + 0.0im, 3.535330902156985e-5 + 0.0im, -0.00018948872306209853 + 0.0im, -0.0027327428793305054 + 0.0im, 0.00017851065367780234 + 0.0im, 0.005347616331554057 + 0.0im, 7.737259719493186e-6 + 0.0im, 0.000965721375594468 + 0.0im, 5.823914160108355e-6 + 0.0im, -0.0005103071444902517 + 0.0im, -4.3638328567305055e-5 + 0.0im, 0.004508137359022849 + 0.0im, 0.005083726421998842 + 0.0im, -0.0023890549354594116 + 0.0im, -2.3908141672074776e-5 + 0.0im, 6.908212152324703e-7 + 0.0im, -1.759776472722213e-5 + 0.0im, 0.0026031896805739207 + 0.0im, -0.009587518125874371 + 0.0im, -0.0005225279916001011 + 0.0im, 0.0007687251833339294 + 0.0im, -3.0181376895755895e-5 + 0.0im, 0.00011416699121142533 + 0.0im, 0.0005184184411682097 + 0.0im, -0.0025692152723795127 + 0.0im, 0.0034421341294710536 + 0.0im, 0.009332101641922285 + 0.0im, 0.006063288564289247 + 0.0im, -3.476927341251255e-5 + 0.0im, 0.0001113095733400368 + 0.0im, 0.0018165595280385347 + 0.0im, 0.06731476220630263 + 0.0im, 0.000149215920061794 + 0.0im, 0.00020887832362296603 + 0.0im, -0.018828545680201945 + 0.0im, -0.000878294175350471 + 0.0im, 6.507358720983819e-5 + 0.0im, -3.5309867542916706e-5 + 0.0im, -0.0008254938308308166 + 0.0im, 2.378365287738614e-5 + 0.0im, 0.00045238174766213226 + 0.0im, 0.0008529604213383588 + 0.0im, -2.2125756201009772e-5 + 0.0im, -6.956680771622114e-7 + 0.0im, -2.4717506688437183e-5 + 0.0im, -0.00032053589550379085 + 0.0im, 0.005411227876073406 + 0.0im, -0.004616499193723377 + 0.0im, 0.061531483351901714 + 0.0im, -0.0003471292992545239 + 0.0im, -0.00029479524080489836 + 0.0im, -0.004986676826787355 + 0.0im, -0.0942812111465751 + 0.0im, -0.005333634678876981 + 0.0im, 0.0007496581555134529 + 0.0im, -0.0009453849058519907 + 0.0im, 5.085184687833761e-5 + 0.0im, -6.782659541800351e-6 + 0.0im, 6.684841314537899e-5 + 0.0im, -0.0025837782119046207 + 0.0im, -5.1432373634623266e-5 + 0.0im, 0.0009184304900424136 + 0.0im, -0.0008109500434420971 + 0.0im, -3.684078782092503e-6 + 0.0im, 1.0257486433338515e-5 + 0.0im, 3.025046700302176e-5 + 0.0im, -0.0008604444134516918 + 0.0im, 0.0001934897528187034 + 0.0im, 0.0010310535970762145 + 0.0im, 0.0007631724400032398 + 0.0im, 0.0015732047410758137 + 0.0im, -1.8558923163543735e-5 + 0.0im, -0.004617312588504844 + 0.0im, -0.0876125783239198 + 0.0im, 0.0016823535232684426 + 0.0im, -0.0005323961430139814 + 0.0im, 1.6756799336238974e-5 + 0.0im, -4.66822527369643e-5 + 0.0im, -5.8404133675209104e-5 + 0.0im, -0.0010104700685750379 + 0.0im, -0.014350800892988036 + 0.0im, 0.00038358409752573273 + 0.0im, 9.29817447125682e-5 + 0.0im, -0.0015223227718450451 + 0.0im, -2.3780514422518112e-5 + 0.0im, -2.8071220473613678e-6 + 0.0im, 1.0865199216910743e-5 + 0.0im, 0.0003220569698293318 + 0.0im, -0.004169352950366813 + 0.0im, -0.022088893761794303 + 0.0im, 0.012486952638183575 + 0.0im, -0.00019413720254187944 + 0.0im, 7.809328117246809e-6 + 0.0im, 6.399748436377407e-5 + 0.0im, 0.008556272657365166 + 0.0im, -0.19090303146581072 + 0.0im, -0.19090303146581616 + 0.0im, 0.008556272657365966 + 0.0im, 6.399748436387e-5 + 0.0im, 7.809328117188204e-6 + 0.0im, -0.00019413720254256965 + 0.0im, 0.01248695263818495 + 0.0im, -0.022088893761794876 + 0.0im, -0.004169352950366973 + 0.0im, 0.0003220569698296897 + 0.0im, 1.086519921713208e-5 + 0.0im, -2.807122046849702e-6 + 0.0im, -2.3780514422261325e-5 + 0.0im, -0.0015223227718452563 + 0.0im, 9.29817447130082e-5 + 0.0im, 0.00038358409752576667 + 0.0im, -0.014350800892988583 + 0.0im, -0.001010470068575029 + 0.0im, -5.840413367532553e-5 + 0.0im, -4.668225273688248e-5 + 0.0im, 1.675679933629436e-5 + 0.0im, -0.0005323961430156463 + 0.0im, 0.0016823535232685127 + 0.0im, -0.08761257832391821 + 0.0im, -0.004617312588504531 + 0.0im, -1.8558923163571046e-5 + 0.0im, 0.0015732047410749015 + 0.0im, 0.0007631724400033804 + 0.0im, 0.0010310535970762585 + 0.0im, 0.00019348975281872644 + 0.0im, -0.0008604444134515271 + 0.0im, 3.025046700282279e-5 + 0.0im, 1.0257486433506212e-5 + 0.0im, -3.6840787820853393e-6 + 0.0im, -0.0008109500434422692 + 0.0im, 0.000918430490042027 + 0.0im, -5.143237363265994e-5 + 0.0im, -0.0025837782119048527 + 0.0im, 6.684841314497722e-5 + 0.0im, -6.782659541865938e-6 + 0.0im, 5.08518468782775e-5 + 0.0im, -0.0009453849058522339 + 0.0im, 0.0007496581555133849 + 0.0im, -0.005333634678876824 + 0.0im, -0.09428121114657541 + 0.0im, -0.004986676826787312 + 0.0im, -0.0002947952408048417 + 0.0im, -0.00034712929925456335 + 0.0im, 0.06153148335190626 + 0.0im, -0.004616499193723109 + 0.0im, 0.005411227876072724 + 0.0im, -0.000320535895503605 + 0.0im, -2.471750668560954e-5 + 0.0im, -6.956680775645269e-7 + 0.0im, -2.2125756200702218e-5 + 0.0im, 0.0008529604213381892 + 0.0im, 0.00045238174766171614 + 0.0im, 2.378365287737615e-5 + 0.0im, -0.0008254938308328489 + 0.0im, -3.530986754297557e-5 + 0.0im, 6.507358721087978e-5 + 0.0im, -0.000878294175351005 + 0.0im, -0.018828545680201942 + 0.0im, 0.00020887832362312747 + 0.0im, 0.0001492159200616394 + 0.0im, 0.06731476220630589 + 0.0im, 0.0018165595280385486 + 0.0im, 0.00011130957333927206 + 0.0im, -3.4769273412916506e-5 + 0.0im, 0.006063288564289502 + 0.0im, 0.009332101641922563 + 0.0im, 0.003442134129470915 + 0.0im, -0.0025692152723791185 + 0.0im, 0.0005184184411662213 + 0.0im, 0.00011416699121048654 + 0.0im, -3.0181376895826287e-5 + 0.0im, 0.0007687251833340524 + 0.0im, -0.0005225279916004215 + 0.0im, -0.009587518125874854 + 0.0im, 0.002603189680574465 + 0.0im, -1.759776472716548e-5 + 0.0im, 6.908212152312442e-7 + 0.0im, -2.39081416726901e-5 + 0.0im, -0.002389054935458831 + 0.0im, 0.0050837264219983505 + 0.0im, 0.004508137359023206 + 0.0im, -4.3638328567201724e-5 + 0.0im, -0.0005103071444901295 + 0.0im, 5.823914159774718e-6 + 0.0im, 0.0009657213755950186 + 0.0im, 7.73725971945633e-6 + 0.0im, 0.005347616331554463 + 0.0im, 0.00017851065367923086 + 0.0im, -0.0027327428793307356 + 0.0im, -0.00018948872306205015 + 0.0im, 3.5353309021525876e-5 + 0.0im, 0.0006021104072696964 + 0.0im, 0.0018496548544117979 + 0.0im, -0.00020891606139279606 + 0.0im, 0.010913499973221389 + 0.0im, -0.0015177450889011022 + 0.0im, 0.0006238445969081679 + 0.0im, -1.1392696245017246e-5 + 0.0im, -7.645811801830454e-6 + 0.0im, -0.0005998049071291828 + 0.0im, 0.000308728874460402 + 0.0im, 0.0032083571819668914 + 0.0im, 0.00012124087482860262 + 0.0im, -3.982804376164963e-5 + 0.0im, 0.00013065488506987287 + 0.0im, -0.0006857785357992295 + 0.0im, 0.06584743214504868 + 0.0im, 0.042650506363545435 + 0.0im, -0.0032556870139551775 + 0.0im, -0.0031354391839949615 + 0.0im, -2.3725189875598974e-6 + 0.0im, -3.07420321249675e-5 + 0.0im, 0.0002665327749318628 + 0.0im, 0.023278717180384934 + 0.0im, -0.0024805465949876895 + 0.0im, 0.00155086671433649 + 0.0im, -0.0004072338288981306 + 0.0im, 1.6648771913447645e-5 + 0.0im, 1.901449789674964e-5 + 0.0im, 1.4421036421471118e-5 + 0.0im, -0.003396824574643397 + 0.0im, 0.00038087375174585014 + 0.0im, 0.0753019205689534 + 0.0im, -0.002107973348322897 + 0.0im, -0.00010940492689773207 + 0.0im, -4.00732064927942e-6 + 0.0im, -6.027862459359546e-5 + 0.0im, 0.00032769645187843657 + 0.0im, -0.015339499898253157 + 0.0im, 0.0017161141881181737 + 0.0im, 0.00032988450726848944 + 0.0im, 0.0023745327921239293 + 0.0im, -1.840349183259467e-5 + 0.0im, -0.0006196460710702205 + 0.0im, -0.0003517807375736369 + 0.0im, 0.011139260782462896 + 0.0im, -8.740019677222053e-5 + 0.0im, 5.436428840940747e-5 + 0.0im, -1.1433522451271295e-5 + 0.0im, 3.6161716992074957e-7 + 0.0im, 0.00032230715051759543 + 0.0im, -2.7239511292724387e-5 + 0.0im, 0.001190380702225381 + 0.0im]","[-0.2304437117899263, -0.2621064909677365, -0.2310527296213016]","Any[-0.22663843085042046, -0.25815307395067444, -0.22802514414274164]"
