L,t,μ,J,Q,θ,ϕx,ϕy,ϕz,V0,V1,ndims,periodic,T,λ,Δ,K,Π
7,1.0,0.75,1.5,0.6180339887498949,0.4487989505128276,5.5800570682130015,5.058725568843075,1.614635844508717,2.0,-1.5,3,true,0,1.0509247753168496,"ComplexF64[0.0017042446703847817 - 0.0011198570077990825im, 0.012681682432641207 + 0.016132153622572736im, -0.0072543157374684985 - 0.001310716722526841im, -0.036862922214962936 + 0.0021387147776677972im, 0.006911627535933716 + 0.007102131113866844im, -0.0012334473431019554 + 5.757481749217603e-5im, 0.01261759983224856 + 0.010578591773846522im, 0.0035390576651131737 + 0.00015268488520097452im, 0.006582815602980859 + 0.0007289432943843172im, 0.003861262752311982 + 0.005238282971041223im, 0.0026446197398221055 - 0.010532427968922335im, 0.00027904181614992634 - 0.00010201577677288529im, 0.0038641045706555295 - 0.00587564088651427im, 0.002569592453867476 + 0.00031475602393997887im, -0.005215894094156925 - 0.0027522045765391696im, -0.0034118935066369373 + 0.006794361086821568im, -6.082638227507675e-6 - 0.0006556179846079616im, 0.029697842092196797 + 0.0014649252259660342im, -0.0009288344237156925 + 0.004598957491903202im, 0.00615397545864743 + 0.004518305524547255im, 0.0012293632511688956 + 0.017946111988075147im, 0.0019182755867059034 - 0.011473498307688672im, 0.001363597350215921 + 0.0037873938965642304im, -0.013579582057617383 - 0.011956211196688297im, -0.000531761192328785 - 0.0013772677355113458im, 0.0073841059613675725 - 0.013081012383307705im, 0.0018694334409923717 + 0.01245799810153876im, -0.003318624498009079 - 0.0029672778993665144im, 0.0007339047955336854 - 0.0014279345042560337im, 0.006626330241957621 - 0.0006236017920255983im, 0.012351768459509832 + 0.008572696600108027im, -0.004776965821833797 + 0.023909639739382586im, 0.0006968991669384805 + 0.00041255913764374347im, -0.0009804780599432775 + 0.0008809820121895559im, -0.001031606601317509 + 0.001179055338023674im, -0.006095995943585718 - 0.003164816229676483im, 0.00035888093885840026 + 0.0011159272719527625im, 0.001784867080305352 + 0.00016414836689528735im, -0.0006024381263168891 + 0.003925432944186351im, 0.00900723475446383 - 0.004168617435363742im, -0.0009492263313405157 + 0.0006010235208479888im, -0.004442126840066452 + 0.00033061183952642404im, 0.0012275626576817703 + 0.0011010442830814136im, 0.0006536564028190876 - 0.0034624777997556396im, 0.009079244621333334 - 0.013144953918646894im, -0.0003428986838889147 - 0.00573630193445691im, 0.017356175688872332 + 0.0137419241641436im, -0.005117316965546315 - 0.002257565770828099im, -0.0007604599979738145 + 0.002728376565651353im, -0.0011931894877000918 - 0.010677809008783108im, 0.00743595026860831 - 0.005717613516216663im, -0.0034301169660701653 + 0.003352557134022476im, 0.012150830603788257 - 0.008920593382873479im, 0.002603973516410679 - 0.003328720365960511im, 0.00035528321210969035 - 0.007689644673286546im, 0.00047043469313750615 - 0.0036896906345267426im, -0.011195768680523256 + 0.0012211240927372535im, -0.024862244969919064 + 0.025545064433655777im, -0.0004628226863841213 + 1.8651756409448913e-5im, 0.0015765316626118748 + 0.0011590817109938675im, 0.010867851171448206 - 0.004266898161640549im, -0.008922731379883603 + 0.014040181647637194im, -0.0008456653297341417 - 0.0006581655259324137im, -0.01911538150758214 + 0.01698919967884786im, -0.003781207985531788 - 0.020877545895160835im, -0.000935609524893546 + 0.012198131682014989im, 0.0031329420378842245 - 0.0032062283133551697im, 0.004044901504305472 - 0.00824960201197741im, -0.01320641940212296 - 0.019114492426670668im, 0.00012306107664877125 - 0.0035227568549448646im, 0.004262617598113291 - 0.005959145343286112im, 2.365771788714645e-6 + 0.0019260269725138036im, -0.0004015446489932634 + 0.003228966911042484im, -0.009765404375810412 + 0.0024904992101630117im, 0.002425581439662131 + 0.007714576662649654im, 0.014568087294203757 + 0.021934319035711882im, -0.00586503426330545 - 0.0063468212430442626im, 0.0009851821876900855 + 0.0016028421634511456im, 0.00752481387639374 + 0.00046410858554379853im, 0.003066599458065741 - 0.0035719973516968257im, 0.0056868563951277505 - 0.005654044682916822im, -0.0031653310815520966 + 0.0013999358832816413im, -0.0028834224581892436 - 0.007564980238573487im, 0.0008255809042630348 - 0.0011315971119957786im, 0.001372939223227425 + 0.00468404311721274im, 0.009230682249688916 + 0.004150277619189211im, 0.00027809379179838747 + 0.0004683430352056695im, -0.0020147046835722856 + 0.00039043295052636765im, -0.014879651898041607 + 0.002695771340647063im, 0.005537894261399853 - 0.004592859188998834im, -0.004617188865085281 - 0.002284693986831149im, 0.05655223993446723 - 0.01287180771767263im, -0.01359575687791676 + 0.04297096012305181im, 0.002731094244905724 + 0.0016262137039398112im, -0.014685065529877105 - 0.027423365824645975im, 0.014776659740878842 - 0.0214812304342699im, -0.0074120436339105596 - 0.0034963444107971634im, -0.0005641522706864677 - 0.004441103015607685im, -0.005696303845467618 + 0.0021877984477798153im, 0.0022007252177209326 - 0.007736075574517792im, 0.0007336935046631617 + 0.010722081568400786im, -0.005723866596944131 + 0.007642693164921702im, -0.0002655909628064989 - 0.0042351678437692435im, -0.007606958609442873 - 0.0061350479036101045im, -0.00017299437108463808 - 0.0021771128255408403im, 0.003636926759947965 + 0.03687126643337043im, 0.026069872387377412 - 0.025826296657906728im, 0.0014020982973087467 + 0.04161398182440904im, 0.010529229314598975 - 0.03270335406976525im, -0.013776353152685702 + 0.0006594687253324131im, 0.004550022011608843 + 0.003653587273181807im, -0.015877104087271356 + 0.021177491960059632im, -0.0031744854793662983 + 0.011844812316504815im, -0.004727671255958765 + 0.0020502431246540265im, 0.016684296532676213 + 0.001824618205089107im, 0.003715300095770896 + 0.01277887917274858im, -0.0054317509934633705 + 0.005990770510802607im, -0.005400368498994467 + 0.008390612873180148im, 0.00954281477131434 - 0.013266597618881089im, 0.002154084019966616 - 0.0049804021084836145im, 0.0027217184215838222 - 0.002112685145818576im, 0.012756642701839538 + 0.006089280831449258im, -0.004866680783048658 - 0.0004597783758064387im, -0.004787163812948935 + 0.001181038040849321im, -0.008443876078099108 - 0.014738107084085452im, 0.06895448230380322 - 0.015276748962601434im, -0.01074179719356139 + 0.009403875874402612im, -0.01702196244411791 + 0.0248085815007516im, -0.01084973090731081 - 0.009378619901093661im, -0.0018537517236991011 + 0.00371733948699705im, 0.005008304666805043 - 0.009740296838710596im, 0.00037104489759904886 - 0.0008452799712863742im, -0.011300735786417316 + 0.015200241247010264im, 0.0005494207981088939 + 0.0010226013170132758im, -0.0036701595851727983 + 0.011851815883935331im, 0.013023728064944078 - 0.01739414982278015im, -0.004866030418461913 - 0.008243173754659945im, 0.004220700929975342 + 0.005900810928296495im, 0.00202894171833134 - 0.020767840671126747im, 0.002375613087679968 - 0.0012796356657115175im, -0.050379028821130004 - 0.013319178707315178im, 0.015214403641066708 - 0.013648624973125875im, -0.016388250962976428 + 0.018040752631778248im, 0.0031799940902402205 - 0.00627276703894725im, 0.0017365318453919103 + 0.0001521728944340668im, -5.868984049603287e-5 - 0.002841745040203018im, -0.006939425579091031 + 0.027935452446195854im, 0.00149456175823099 + 0.003367764764581809im, -0.0030183864289006932 + 0.0010708304416682242im, 0.0031165717958737942 - 0.0006249861207799449im, 0.028707086997138444 - 0.013078178556393124im, -0.01408280165034461 + 0.01547312701351845im, 0.00044624858830638066 - 0.008300508553218866im, -0.009150638091173967 + 0.0387427119454819im, 0.0009063422050371946 - 0.0010446049295867743im, 0.0006889559097087042 + 0.009808569073547968im, -0.021421571348508944 + 0.009847293817226297im, 0.03279657545483054 + 0.03316016859607478im, -0.004140221232393285 + 0.05139848110407502im, -0.0021849205284296836 - 0.005848484064460082im, -0.0547575033233334 - 0.032548072850684395im, -0.0168775378351662 - 0.004703463792051805im, 0.022667819952469245 - 0.0017640358360095747im, -0.002262968600263052 + 0.007392100290165979im, 0.014889636664580425 - 0.015349600282314595im, 0.0002054603704028309 + 0.0003077892133132057im, 0.0679901161925201 - 0.026608589198426492im, 0.09117304095075268 + 0.04659742688554704im, -0.003679618543234289 - 0.001612411616539859im, 0.0019502495408178237 + 0.01487340944542352im, -0.0027112178009471586 - 0.0020532330572214704im, -0.0004463200809585282 + 0.009511909342349632im, -0.002451706426853431 + 0.0009026682385944151im, -0.003754057918976464 - 0.004897745982439857im, -0.06849539310764727 - 0.022186045181599015im, 0.007313344197873253 - 0.0037346516092915684im, -0.004290265468903645 + 0.0018549936144166776im, 0.0334188452069337 + 0.004123602679997892im, -0.02141575520324804 + 0.044368566878727866im, 0.0005319803384427477 + 0.002042961851644834im, -0.024156391920697528 - 0.035782522093699476im, 0.011008674381129102 + 0.003330513750990475im, -0.029132175222941915 + 0.004665446790808376im, 0.0020600839533185446 - 0.018023796536071668im, -0.005279056552562239 + 0.007194449964493952im, -0.04604523747453952 - 0.006777550296816512im, 0.007461534559342883 - 0.022613530925234444im, -0.009331514479739907 + 0.021448336152938im, 9.579867640075116e-5 - 0.003171343345104744im, 0.0028481985640427684 - 0.0008037881023023227im, -0.0029023552902445768 + 0.0020070272462878232im, 0.007911292704094427 + 0.006632741833686499im, 0.0020419855925577343 - 0.00023185028693078368im, 0.0006625814604961031 - 0.0006559652534599449im, -0.0011833215011790067 - 0.0010243282686231122im, 0.01271257512842349 - 0.007784355397557421im, -0.0017706661923397604 + 0.004106364826453342im, -0.01993367014061054 + 0.029845736011206412im, 0.0004843116261117041 + 0.001577574718329737im, -0.00200604999185024 - 0.0005368474467233072im, -0.0012612892106109563 - 0.000851369679615458im, -0.03507809579974887 - 0.00801338899712577im, -0.0016342994119476677 - 0.012103065477710636im, 0.0037143877756067125 + 0.002019902390778763im, -0.037861817512081404 - 0.05620379191132373im, 0.002963883271372449 - 0.023001430766620836im, 0.0030900054236170558 + 0.004223443031533286im, -0.020129564064049647 - 0.00992116796175216im, 0.025010098726999982 - 0.015936288633342042im, -0.0022766878020979023 + 0.0017664347372402332im, -0.027987815948428415 - 0.05487901095011527im, 0.0050949007952051555 - 0.012643470696948707im, 0.041394666530667784 + 0.012870846565567496im, 0.09244021369362265 + 0.06821334271727222im, 0.0001895749966428169 - 0.001426720255797438im, -0.03440600678585177 - 0.0034563932084308046im, 0.0008895794017207367 + 0.006023612078704426im, -0.005475064946474904 + 0.0018867045488258204im, 0.010071370409331058 + 0.015127557518388419im, -0.011914127433606436 - 0.0297983191475719im, -0.01997472174869502 + 0.004740832398009234im, -0.0008383065767248318 - 0.016892640051717662im, -0.007956786043515414 - 0.009880891405432305im, 0.09416959272508307 - 0.0011220963551953772im, -0.04153114911031897 - 0.01787215382777803im, -0.0059128117337286165 - 0.01962046273973113im, 0.004778714591368463 - 0.0003727963078103427im, 0.001318773985989111 - 0.0016000118701297522im, 0.01751985857554162 + 0.001532498925458952im, 0.006857066621022599 + 0.0013725221524605083im, -0.018144741202720284 + 0.029774293560922725im, 0.005990238369638668 + 0.0023300189990437896im, 0.010380763397144712 - 0.0028416828465755847im, 0.01868080217531215 + 0.011894606409622666im, 0.00038800186447364925 + 0.002522618712930404im, 0.007966447444594852 + 0.0005893141444426166im, -0.000103451850883306 - 0.00010413667462876113im, -0.002061084811205599 + 0.003649238834713286im, 0.002172514727009458 + 0.0006761196294302087im, -0.007361692491441146 + 0.0074424182442293756im, 0.017318823579422063 - 0.023658798046006325im, 0.003162616503862235 - 0.0007930411970221262im, 0.0017776568371473346 + 0.00435403372632385im, 0.0016315347088578132 - 0.0016737207803224849im, -0.03104966891111827 + 0.027995146960358104im, -0.001368707411524955 - 0.0033971755022369427im, -0.006500663978915435 - 0.00230765336326401im, -0.0025831330704908888 + 0.01003310388909048im, 8.734515732545775e-5 + 0.0063880719153012805im, -0.0025954347750132218 + 0.010900521238079764im, -0.010609731768654172 - 0.012960411320434458im, -7.355073786384436e-5 - 0.0026394235656180087im, 0.0009519550599940073 + 0.0024686459000992163im, 0.0027924669565901465 + 0.00260100683907674im, -0.018239997455086032 + 0.04216026250432704im, 0.0018023914132075805 - 0.013248048518663305im, -0.0034838232858571344 + 0.014400146352079287im, 0.0005728685899659877 + 0.0015470814425971328im, -7.618614793416431e-5 + 0.0027204368364935672im, -0.0005604801947330155 + 0.018145649071154887im, -0.034841599844797774 - 0.022044160761374033im, 0.010571395105848775 - 0.003204639325160028im, -0.011597272300549978 - 0.03981934711570641im, -0.0018777415179073562 - 0.02651199369246437im, 0.03539090075510856 - 0.06476758569906606im, 0.012232587820652301 + 6.903368580074242e-5im, -0.00013473220364481248 + 0.0012453873466266186im, 0.003868642855429446 + 0.009515629263499028im, -0.01737115738757538 + 0.004037856548355892im, 0.02696697126916538 + 0.02211411555916183im, -0.0022595766043480405 + 0.00618066670433446im, -0.003685940499014925 + 0.0030121160642480782im, -0.0007518432016522472 + 0.000263980619465702im, 0.0026974260400549196 - 0.008558693171731906im, 0.002653301159231225 + 0.002715352062639654im, -0.0006318599954226998 + 0.001191817294888936im, 0.010146971063998287 + 0.04648358908220803im, 0.006765010028155249 + 0.011352108771100737im, 0.0005781811531654242 + 0.0024992146169437535im, -0.00017930790325743288 + 0.004454000997513052im, -0.0013342735720574342 - 0.00021783243081813865im, -0.013704123516038062 - 0.011595769233863068im, 0.004869170153230086 + 0.0029445418113143128im, -0.008024614181540548 - 0.042425523555557496im, -0.016364825489688276 + 0.008005360732602523im, 0.0103738803826106 + 0.014056547170546973im, -0.02087032592543797 + 0.007698018252278323im, -0.0024466800605237736 + 0.002429509405783587im, 0.006093791702390034 - 0.001977982968318259im, 0.003730039695323278 + 0.0031614479442687274im, -0.006651463278757288 + 0.0025388711803516176im, -0.021956869827529826 + 0.008678571851260097im, -0.005504872839796925 - 0.011019355568604628im, 0.0005753732794836043 + 0.00038888230979554665im, -0.0032293044716132347 - 0.0028676326718191487im, -0.004506139385861819 - 0.0027885455968653552im, -0.0005207651875130307 - 0.0007911125242843911im, -0.003193616836320965 + 0.0035163832566922435im, 0.044603266557931925 + 0.026074675386529782im, -0.016519145657388778 + 0.01619899224628076im, -0.012950415894988243 - 0.01354319287120842im, -0.0014778052015583217 - 0.0011242504441968896im, -0.000432520206472876 - 0.004362423598956826im, 0.001805225472765259 - 0.011919295467504115im, -0.00035011933911364214 + 0.001493962898871367im, 0.0025352985003013065 + 0.012677981970277955im, -0.0038389840720316334 - 0.0007395683369694332im, 0.0015791711205559817 - 0.001935267455856337im, -0.0033071008754598187 - 0.004011144204470253im, 0.014254089851259739 - 0.0006090029951913618im, 0.0037144849433581413 + 0.004220085686501294im, -0.00908997659249595 + 0.01990907257920878im, 0.0056556564853450534 + 0.015293441307330985im, -0.006285275996969904 - 0.0005069257793621226im, 0.002264568649211628 - 0.0006393058540648219im, 0.019807119634970633 + 0.010538772947591818im, 0.0047810032487505824 + 0.0017728076525955847im, -0.00011240053821157064 - 0.0016206879087841024im, -0.002049409030332264 + 0.003230838081896628im, -0.008098174020083474 + 0.004259869800638713im, -0.0032380518094838194 - 0.011874150031286956im, 0.03267757999382232 + 0.0087438845219229im, 0.027941632850389357 + 0.013283411013142288im, -0.02520472194236502 - 0.011802754040643413im, -0.005203210890652099 + 0.008952983335821865im, -0.013597622401634153 - 0.03911127599686373im, 0.0005680426132419548 - 0.000797372010320056im, 0.03362232880226578 + 0.011411807870412268im, -0.004204111145012954 - 0.014724995788051226im, -0.0014209878370195122 - 0.0007659028832092174im, 0.002431592952391515 - 0.01968840961936707im, 5.8030393508765475e-5 + 0.0010228901962642015im, -0.00216975188428879 + 0.0039056517018081897im, -0.0068047653689059405 - 0.008919244932644671im, 0.002475880012749269 + 0.004870049508857811im, 0.006751693047582616 + 0.005229200595224633im, -0.00044945917331355847 - 0.01678760374831763im, -0.000541937738513333 + 1.688040584442194e-5im, -0.015586493912657177 + 0.01468932522999688im, -0.00485977365914405 - 0.01941139679969058im, 0.006694505258545227 + 0.00426784014993907im, -0.0009142021624761581 - 0.00313062787391459im, -0.004732876527857374 + 0.0016208619912808958im, 0.0027043141460995294 - 0.0015500583886955655im, -0.010320522441287802 - 0.0022523137151061437im, 0.012506099202891969 - 0.005757140771198684im, 0.015915133663789233 - 0.009082496864910392im, 0.014593179253841607 + 0.015956088515958682im, -0.001015159030968994 + 0.007092547130150247im, 0.002958535885716818 - 0.001268348193793031im, -0.001183032575244459 - 0.0003104204719840117im, 0.0016526318091214293 - 0.0015754298732392582im, -0.0019325854062202596 - 0.005338953041149308im, -0.010894424369387092 - 0.0017496684062424514im, -0.002819348617816363 - 0.004205926094680303im, 0.0002466370790407545 + 0.0001653448534880503im, 0.0016309543797203068 - 0.0018583767750870621im, -0.009886228839570334 + 0.00591984654072867im, -0.0010089629775735167 + 0.0016032718160180308im, -0.003847650901525561 - 0.0007129519481782069im, -0.0026738947573592344 + 0.002765450481673243im, -0.005000331594663022 - 0.008054043268377886im, 0.00033338233591975524 + 0.005467675333966706im, 0.009054030078097523 + 0.013020855223941587im, 0.001742444078299589 + 0.007517386580361603im, -0.0033786893098574637 + 0.004317480649520615im, -0.005916732498542406 + 0.004806048568577556im, -0.0029758833998851167 + 0.0061783858303471875im, -0.01601453348420316 + 0.007776592733553913im, 0.025316058960800008 + 0.003334812163004844im, 0.006105354517325849 - 0.0029056252709054407im, -0.0011008785066817003 - 0.00036155056196223855im, 0.0012412285827163958 - 0.00513400787923718im, -0.015777377385559784 - 0.0035860047124065255im, -0.008828261720332721 - 0.023861441563316894im, 0.006001441053212703 + 0.0014273957405105265im, -0.0006822825026094213 - 0.0011844861771451059im, -7.103905335605828e-5 + 0.0016598647135609309im, 0.0011262893005744435 + 0.005316418968731581im, -0.0014666894376255183 + 0.003016660176137465im, 0.001408208664532909 - 0.002287346893620453im, 0.0018052264037701786 + 0.0011472629195637353im, 0.00017528029704143243 + 0.005342370297717504im, 0.0001357734425942015 + 0.0020834889925215204im, 0.0007697464462106998 - 0.000790112590528085im, -0.0009488893428114695 + 0.0005330320680275916im, 0.0039732546381326195 + 0.005967338895914659im, -0.009779636727075748 + 0.0044685493725399395im, 0.007996180976222485 + 0.002280204027920822im, -0.009573356753500201 - 0.0021498521022527617im, 0.009757100060159975 - 0.03401937330672499im, -0.007124548743837965 + 9.503593487525742e-5im, 0.0014144416255586786 - 0.004367441538966467im, 0.0028205494840069074 - 0.010239725020843034im, -0.0037373825418652706 - 0.005910455761210531im, 0.005988718062873232 + 0.010641237489530248im, -0.0044433052319526704 + 0.006065523558590856im, -0.003204005280899308 + 0.00510611683724069im, 0.0018561428005230043 - 0.005261316682228787im, 0.0031308085600227115 - 0.005130073943995742im, 0.026669966942029718 - 0.020830633707096063im, 0.00407340966066592 - 0.005537800559879427im, 0.00017263137056150387 - 0.0014402165088708522im, 1.630150434664564e-5 + 0.0002072677563251201im, 0.012386003681353496 + 0.01674119501332057im, 0.010396756946782663 - 0.002612838713193636im, -0.008334356400970072 - 0.008874528660073381im, -0.018042116038869255 - 0.009820869479634196im, 0.015808212527191657 - 0.004084949005733582im, 0.005438416413160642 + 0.0002294541490941148im, -0.00954615240397174 - 0.009638029807702462im, 0.008529239893406424 + 0.0044311706693147416im, 0.003992803489893129 - 0.012436862271468714im, -0.008680409075269097 - 0.015900281856885128im, 0.0014324904764033875 - 0.00109614997874453im, 0.00011778644043118897 - 0.002369657811590889im, 0.01117704739368775 + 0.00013397347357290988im, 0.0031578738128103766 + 0.0003780415962749293im, -0.0007655738784332602 + 0.014880044424117946im, -0.011896303329425251 + 0.006882247548749714im, -0.0013676404985727547 - 0.0010403845562843106im, 0.0005069468880599422 + 0.008238933404991976im, -0.0061710235061700255 + 0.00564056244877449im, 0.003521256964973255 - 0.00494267028615561im, -6.570050737058647e-5 - 0.0013246470998520428im, 0.0007416143186040713 + 0.003134250307659545im, -0.0030372123481187765 - 0.005932676865289327im, -0.002021054431474507 + 0.004089499081732368im, -0.009688696817818499 - 0.005596996230338678im, -0.0005160653859224077 + 0.004352430617618934im, -1.477618287997482e-5 - 0.00014278849609188746im, -0.004180477336973689 + 0.002514075962602317im, 0.0008658907769713159 - 0.009627094206880292im, 0.0008415111789843426 - 0.0098958440084132im, -0.01142809731695083 + 0.007224593180111787im, -0.041525143441169525 - 0.045444624167030316im, -0.008757160788522341 - 0.006842437737219947im, -0.00748477580869704 + 0.012405800126040421im, -0.003253261210935442 + 0.04008398129787791im, -0.004801445422833146 + 0.02508607110390632im, 0.0030530768079720556 + 0.006814373919278428im, 0.0012540045190182663 + 0.001501715057660466im, -0.0034664119035250325 + 0.0016255946854368834im, 0.0033924660061719525 - 0.0037640891549797573im, -0.0041038715184412685 + 0.008273007953660299im, 0.0058638167182547924 - 0.004762243852406773im, 0.009981484123676696 + 0.015754384843415025im, 0.00327418937423084 + 0.00548764242212716im, 0.019749355475606422 - 0.023067988145701396im, 0.03186785729677825 + 0.0015033488090076112im, -0.052521344420114816 - 0.016449500513332906im, 0.05356273569075389 + 0.024855628096749786im, -0.007122952941051684 - 0.02093710854171888im, -0.0018690890926094062 + 0.007547723318697541im, 0.0023076862656751023 + 0.012781479291485516im, -0.031001613292967366 + 0.003690239100304699im, 0.007700736470319479 - 0.0016284157733758512im, -0.012306304076749442 + 0.005218784001771323im, 0.015961374635101666 + 0.010269189157042991im, 7.10443617218805e-5 + 0.00940118212271852im, 0.0037645989962019253 - 0.0018288805012405163im, -0.011063584665102502 - 0.002602688930082711im, 0.01529173246441312 - 0.01747172486923946im, 0.001705848235713621 - 0.004041138401450651im, -0.009774130768634138 - 0.0009466310464945291im, 0.0029298067229458174 - 0.009068071509794537im, 0.0050038978255808955 - 0.00031806744960947145im, -0.008274294494182672 - 0.00522035560570919im, -0.029160466473254328 + 0.03979180659481794im, 0.010449951488655 - 0.011421473858339127im, 0.018705128261062354 - 0.020466263843081048im, 0.021230738027919818 - 0.011473533236523878im, 0.005109145874195745 - 0.0009603839910592778im, -0.005099012015330663 + 0.0008749943118877426im, 0.0029924838373910196 - 0.0003596822084527363im, -0.0016130496798642802 + 0.0011916766491553415im, 0.0022572323063889984 + 7.598437881334682e-5im, -0.0006330074621866656 - 0.0003385450299276495im, -0.023439001161521474 - 0.0069903333672418876im, 0.006941999397583298 + 0.023312876757138182im, -0.009424616541197377 + 0.00577275216635308im, 0.011332371481428502 - 0.0007909657261192412im, -0.0023225549384388805 - 0.0022216925790509417im, -0.04348871040418528 + 0.02349166631784952im, 0.00946218164957663 + 0.03409998971879041im, -0.014896933403231973 - 0.018163730055442705im, -0.0016296811937291022 - 0.00031724350198276225im, 0.002662504650149568 - 0.003122276873516983im, 0.001699486149800677 - 0.0013626369453153839im, -0.00438761038661291 + 0.002032406722031641im, 0.006741666070744471 - 0.009394628369090035im, 0.0025762867572890072 - 0.002803716732123035im, -0.0009715596300395162 + 0.0017861534446777757im, -0.00695738090317019 + 0.00965064134287734im, 0.024856354891330635 + 0.027993017368892852im, 0.012299484900347992 + 0.006275264529488565im, 0.023048822011070398 - 0.003702276538574612im, 0.0037259169236103697 - 0.0070970990616186815im, -0.002590675534042121 - 0.0033714862368353065im, 0.023343387181522957 - 0.03227881554808396im, -0.014842181832657942 - 0.04889982414837254im, -0.023240860584239756 - 0.050052476400408004im, 0.014450982346139717 - 0.00800301521360039im, 0.01195551932080896 + 0.00409705595016938im, 0.019443121705520903 - 0.04255350657104917im, -0.0044292474832412125 + 0.01784706232508476im, -0.0003484808687865879 - 0.0016688470647316747im, 0.009620564687800587 + 0.005693587111072232im, 0.004402778017518962 + 0.003057472459483022im, -0.0008686016726849844 - 0.014273645273897252im, 0.10209830874048807 + 0.0026281664358853425im, 0.01963287465998226 + 0.0123339359072479im, 0.006286688077862602 - 0.001993841474988715im, -0.0057338219938468365 + 0.0025480297072359133im, -0.004267382038741993 - 0.003752419655510369im, 0.0037904169973272334 + 0.00031092332387007817im, 0.004766756497798866 + 0.0016430099748860083im, 0.006770615073334701 + 0.015552493440441274im, -0.013261561134980438 - 0.005467677635173509im, -0.0003232854637816566 - 0.0038180246505550327im, 0.0036374470181371097 + 0.014666119809086919im, -0.02692208226439998 - 0.04643753765492996im, 0.0014622870373496646 - 0.0041917584355369636im, -0.00594166955197281 + 0.007394126968877282im, 0.024810640311189968 - 0.03338541845162028im, -0.005784627472253644 - 0.002783314219622557im, -0.01705636899024994 - 0.02244894664475876im, -0.006799511394421763 - 0.004543293546997241im, -0.01970935403113661 + 0.006712293352091426im, -0.02453398913171614 - 0.028734791907452147im, -0.02231121728555375 - 0.010130993301867916im, 0.006261756844856174 + 0.004483786596804957im, -0.008102306294685375 - 0.0032970385467253im, -0.002508414726952223 - 0.0028980339433517647im, 0.002175559611561177 - 0.010787154786848229im, 0.006154235799465142 + 0.005317175794037528im, 0.0007108550360667114 - 0.0019536360843262403im, -0.005902967656080344 + 0.0021726674433565564im, -0.004744815820411445 - 0.0034727359627398564im, -0.012300483081895056 + 0.00698255016677667im, 0.005165752859523123 + 0.022067742839806063im, -0.0011143581045520326 + 0.010424482426937078im, -0.0021452644535377477 + 0.001073424287075859im, -0.0014222553218949119 - 0.0012235066642241417im, -0.009106531100231484 + 0.0007311398403426964im, 0.02283290654643976 + 0.024758336750422147im, 0.0015827683027730133 - 0.0002772642905290309im, -0.0223426006222381 + 0.009644024529358693im, -0.01197007889900294 - 0.03942877828961513im, 0.004022156174015636 + 0.0054245077342701875im, -0.0020438884130014596 + 0.004770175043780579im, -0.0006059654249313436 - 0.038478209029942985im, -0.009582254866190862 - 0.005749038536702092im, -0.01278503526153789 + 0.02014086231297117im, -0.00030904359990000863 - 0.03626882335516904im, -0.019814108331158504 + 0.014004682063438918im, -0.09743447868724645 - 0.04208172124529329im, 0.01921689398987106 - 0.011563616711438525im, -0.006588155381222218 - 0.008369914501431368im, 0.0037371754494816604 - 0.009354033637918126im, -0.016752955033566434 - 0.030951240153644446im, 0.008008280079555383 + 0.01590294795760198im, 0.02316508321496949 - 0.019711511846087im, -0.022687115200260392 - 0.012401162604239029im, -0.015217238657843198 - 0.011842738343531133im, 0.0046315400943530895 + 0.010215540880670644im, -0.01204925410287223 + 0.034262720925652926im, -0.042559928470049926 + 0.010558851076464983im, -0.024800146888936052 - 0.024991280383462284im, 0.006582088313676869 - 0.00461349668825022im, -0.002648322439939489 + 0.0008463116122955101im, 0.00516443087628365 - 0.0056531615086256445im, 0.005677578777848873 - 0.02322090523749299im, -0.03400694715178782 + 0.016732436196059613im, 0.010902266537924766 + 0.00290770987070977im, 0.01377822932511271 + 0.0034506876047593112im, -0.017940888544587887 - 0.004753356136013017im, 0.012218871177484304 + 0.005754560715790774im, 0.0006047274351007654 + 0.0015545938740993883im, -0.00035336429055100735 - 7.917951398573591e-5im, 0.00026304971493983 + 0.0006192170826929212im, -0.00981434443736211 - 0.0028592539290615685im, -0.0018320058336640198 + 0.0015260140578239592im, 0.009470676675661125 + 0.01377492590179482im, 0.007436138576927335 - 0.0030338648586401024im, -0.0012682064883735996 - 0.0020435326344867273im, 0.0022920788299335324 + 0.0012445333683921964im, -0.00579400597642345 - 0.006139478784920297im, -0.0009165064924431529 - 0.0038651695751416876im, 0.002675189129428267 + 0.0033626787204473177im, -0.011440115815035352 + 0.006051848469638282im, -0.00445642582298595 - 0.004370160208893499im, 0.002031965450504706 + 0.005371911827646314im, 0.015390459657930096 - 0.005572183263603385im, -0.0012968673014946577 - 0.007472018132752027im, -0.00024641520060198516 - 0.0017413180404622724im, -0.0035356884371715927 + 0.0011932183613415717im, -0.003515570172758164 - 0.012615726508864566im, -0.027860176317191676 - 0.004169801362527776im, -0.009865041833650738 - 0.002914565632650055im, 0.007481687892960254 + 0.006028186087624927im, -0.0031859137757028837 + 0.007090746581253046im, -0.009944022399057366 - 0.009877385256596602im, -0.02684535580817853 + 0.015164398720525269im, 0.004417312670274345 - 0.023437760539619684im, 0.020031854236013794 - 0.019312977030530202im, 0.005147832932174618 + 0.03910267588417359im, -0.016903888542480424 + 0.056392860948738986im, -0.029413973412500467 + 0.013596140381516875im, -0.00034539145325168473 - 0.0015207323132393634im, -0.004301466320181522 + 0.0018944049849237419im, 0.011877533107760359 - 0.011522705432513882im, -0.00962555007432695 + 0.029996684297952377im, -0.0020174725920059336 - 0.024214630045794577im, -0.0051328040142506175 + 0.003061592900272824im, -0.005603019663685356 + 0.001111000182480724im, -0.0031970718039053803 - 0.0070269136207491804im, 0.005559006308907906 + 0.001472146030744392im, 0.0009077247907812731 + 0.00097031793526719im, 0.0001692735721341683 + 0.005109683523895367im, 0.021634438594701197 + 0.03612434478631658im, -0.0002967729949014661 + 0.0038050746508285823im, 0.002030470676239842 - 0.006323990584528574im, -0.004669928045132151 + 0.0011583260854584312im, 0.003794287445782274 + 0.002433080471552954im, -0.0069842069063106695 + 0.009502976617294743im, 0.013275134425102787 - 0.011010418209751412im, -0.033407768510734515 - 0.019931477145429033im, 0.001045920502687606 + 0.023045233381270364im, 0.0030018151511220807 - 0.043500681844902196im, -0.002265185831006992 + 0.0010387485422282505im, 0.0007318650078113477 + 0.004586246496332779im, 0.002406466877193718 + 0.0037125386042539035im, 0.0037643613843890817 - 0.007001994829484273im, -0.010769874657022139 + 0.0031919826098893425im, -0.020665966012307576 - 0.008596667567211004im, -0.003431163021174883 + 0.0024959426796939865im, 0.009027158303254191 + 0.004693394944393568im, -0.001051619477231714 + 0.0032353262185765095im, 0.007554189665440598 + 0.0060948962592215im, -0.0003044165425019207 + 0.0028314143555880763im, -0.0069130203101094466 - 0.020395455425760697im, -0.0017960389791081511 - 0.041235790431641425im, 0.02395216083746723 + 0.0022858693845348374im, -0.0027062890050951805 - 0.0033573828279972804im, -0.0028853639218202895 - 0.0030134230712297104im, -0.0009711616665025843 + 0.004924269244778907im, -0.0007951095007023362 + 0.0005188021468843737im, 0.000915805390635619 + 0.0018461275621681397im, -0.002550149001846663 - 0.01273443528326759im, 0.00261348130552508 + 0.00219990322200733im, -0.0018306446870867466 - 0.0021435077081521465im, -0.00341847679671724 + 0.010325510274160999im, -0.008986666185588224 - 0.004721106214513616im, 0.002607448695333753 + 0.011507121081209706im, -0.0016159918306216045 - 0.030520141824782566im, 0.012396882934003024 - 0.015526502401812711im, -0.0005683353716087442 + 0.00042809803150860315im, 0.03391212265083353 + 0.010135286797913983im, 0.008352127626741526 + 0.004890216046446907im, 0.0013681680894982555 - 0.004260807856710487im, 0.001631350793199891 - 0.0021128321373408685im, 0.0050650974134380505 - 0.004031337338296321im, 0.01024464611376681 + 0.004739687316624994im, 0.012458988421470125 - 0.02496052155591046im, -0.019059808042964064 + 0.01788534825678502im, 0.01464319447963233 - 0.03392739917839262im, -0.014825246620783512 + 0.00245215587058714im, 0.019493113636842915 + 0.0018725417758304495im, -0.00405796352504214 + 0.002749291409128783im, 0.002248037017129049 - 0.0016827671492401477im, 0.025186582279269155 - 0.016792075305748534im, 0.006293604779287323 - 0.002688335771325633im, -0.007041725521631269 - 0.0024714112907077436im, 0.005903599029040468 + 0.0001704160961316293im, -0.00133298794413423 - 0.002135160209174696im, 0.00958389927817007 - 0.002181301139751666im, -0.00527031415257888 - 0.014215496126625057im, -0.00899715190096895 + 0.0036415384063519284im, -0.006703662368566192 - 0.012804414999356166im, 0.001531192373643885 + 0.0015258237625582224im, 0.0025463975583593823 - 0.0030586958970647868im, -0.039098989359782066 + 0.0073814676979701765im, -0.01284795602610345 + 0.01258743327420497im, -0.0025467306045452937 + 0.0036650417795863477im, -0.0004428779383019444 - 0.0016456856280278106im, 0.0038444264638929676 + 7.666622780003218e-5im, -0.0023033213241531506 + 0.01220164219620284im, 0.0040156196128619225 - 0.012034982708218648im, -0.014148204853321666 - 0.023025700362950485im, 0.006291648008007205 + 0.0009406445869836447im, 0.0004074418096662538 + 0.0007423255334139836im, -0.00571248629221562 - 0.0031607777244327447im, -0.0006329344504805609 - 0.0034258542496492773im, -0.0025020313469457664 - 0.007507655191932369im, -0.00145146405085222 + 0.00023280783038886183im, -0.02070068717762898 + 0.007638373319870288im, -0.00044630523744696994 - 0.003169521042091248im, -0.008473610452401067 + 0.003096436785530981im, -0.0014670258438223551 - 2.3240955600561633e-5im, -0.0043671540044938 + 0.004388110256437305im, -0.0002533713313689957 - 0.0030466245612025744im, 0.005733680736958943 + 0.004100952551470308im, -0.007212464930755648 - 0.002361161006252018im, -0.006431861409178337 + 0.002828356611496949im, -0.008751422736974913 - 0.011718707044151504im, -0.004882648516896033 + 0.0015193154215576675im, 0.0038831214496278647 + 0.003723920835964274im, 0.0025381496622348086 - 0.002220408874715248im, 0.014864808510803669 - 0.011072364635539836im, 0.006497112418238722 + 0.004157509476695809im, -0.0027764039442393566 + 0.0022627431648381898im, 0.009532144823433491 - 0.005295565433693375im, -0.0007064571490967925 + 0.0001546908934270102im, 0.0014991663866716456 - 0.0033412908349115455im, -0.0009993923408362264 - 0.00015165768343861001im, -0.0014981796998161589 + 0.0054064480987005715im, -0.0032140945092555026 + 0.0066529673088542695im, 0.002658394163170584 - 0.0013918580894224837im, -0.0010816282256205976 - 0.001988938424516344im, -0.002295759974078893 + 0.0014880068165477876im, -5.689443760909106e-5 - 6.504945906909694e-5im, 0.004409452729242331 + 0.004001601444971195im, 0.00046233829992304546 + 0.005006097926742602im, -0.0003495252213132987 - 0.0002982730123011309im, 0.019659710499973865 + 0.0014075223704474243im, 0.0034192524001182517 + 0.0025305320046960698im, 0.0019966078630594924 - 0.001626262120158363im, -0.0013587619991171547 - 0.0010258118442753657im, -0.0065196711364684905 + 0.022543627674617938im, 0.007891170692991733 + 0.012151809527631513im, -0.004209423644296352 - 0.0108451681524592im, 0.008299599202395244 - 0.0018871786438498892im, 0.0022022962224707543 + 0.0005755111605191188im, -0.00013152541296940537 + 0.005758062220176117im, 0.01108041908201788 + 0.005048979896453785im, -0.013778836425840851 - 0.014961275202415178im, 0.00244361265518116 - 0.0011630891663843832im, 0.006918591459490485 - 0.0008749962323030598im, -0.003841400033021666 - 0.003887651817049586im, 0.008136277155966268 + 0.003104558717111712im, 0.001432273172720852 - 0.004600866224552306im, 0.011939453581359302 - 0.004209369022049375im, -0.03876483515322322 - 0.012839763709740219im, -0.00262178075234463 + 0.004950819259819571im, -0.0023312446310943978 + 0.0027381662281563976im, 0.008031732903896843 + 0.0001039239774788177im, 0.028409394564143528 - 0.0069067794150769754im, 1.5125554023768235e-5 - 0.008999388711958939im, 0.024299373261093864 + 0.0149847531887051im, -0.005351453240696548 - 0.0025956791912744768im, -0.001904817451559121 + 0.009399734573769587im, -0.0038346048010138387 - 0.006671875378808126im, -0.012950610713702512 + 0.0044194845000749316im, 0.023510794809991773 - 0.011551123278437304im, -4.7775964623321225e-5 + 0.00910980677660506im, 0.0014157715319928054 + 0.0009488217291732286im, 0.0018587383641090979 - 0.00017794067243171734im, 0.0027034522752160213 + 0.0015137400336193625im, -0.0031207731718200862 - 0.010685276246653398im, -0.0019014871909997903 - 0.0011457928627262664im, 0.01423515930275724 - 0.0060614428146159565im, 0.003314411540820872 + 0.007891761170908593im, 0.0005550257975120427 - 4.424708542314159e-5im, 0.012878771336467119 - 0.0041227257975721444im, -0.0012762686628173408 - 0.003096280219515713im, -0.001735743597244371 - 0.002163210317437406im, -0.0015282093931697873 - 0.001755283926734386im, -0.0017573268538128308 + 0.006007082675221656im, 0.0025755399912205873 + 0.006089032464158237im, 0.019224643111216348 + 0.008250259605764775im, 0.014680024501694134 + 0.02572649795009154im, -0.001672698536666969 - 0.0015850841627461946im, 0.005927663730511287 + 0.0018824113761050424im, -0.012245097094720348 - 0.019658465957041977im, 0.00015352912840752166 + 0.008725664470909783im, -0.0038555158505348096 - 0.008820198833359381im, -0.011653280283387964 + 0.01980580925145859im, 0.01840356937610321 + 0.00955376928107518im, 0.002147048270980176 + 0.003064747118706616im, -0.005015545930786131 + 0.03501136769766603im, -0.009993508418826064 + 0.009915756351271792im, 0.001330665492613356 + 0.012729094806295827im, 0.0005671821522244028 - 0.002886992273354616im, -0.004084393386911033 + 0.0027632862779882893im, 0.011902063704277967 + 0.008690411478829431im, -0.0035774578510792106 + 0.025841559892685176im, 0.01681726781181917 + 0.011089378370285287im, -0.009931150551907209 + 0.001941299112375897im, 0.007770507593506319 - 0.004187457503182777im, -0.0074116870051511245 - 0.001392672891592158im, 0.0011930382210889809 - 0.04794795761976241im, 0.0076274889870942275 - 0.02121635692222702im, 0.011091159589423435 + 0.04022111385362486im, 0.006579120700957153 + 0.003701547659160659im, 0.003310005373381538 - 0.0005133822503428152im, 0.0019082224337784385 + 0.0075432101627757545im, -0.02059353014083016 - 0.017768026431605462im, -0.00505879448481279 + 0.0070407915224125475im, -0.005173168660147807 - 0.01362952795997028im, 0.01228307100116954 + 0.007976058954843945im, 0.0006258285984238349 - 0.0015671387133883304im, -0.004369946029101299 - 0.002404857299568101im, 0.014600075394369971 + 0.0021181937250585154im, 0.026011309314867552 - 0.010130153313849387im, 0.0078926556448344 + 0.005983091665881243im, -0.011211205358908832 - 0.0030782966917589074im, 0.0007271222961623507 - 0.014851724994330944im, 0.004561432028545317 - 0.003631896726588695im, -0.002982893340776706 + 0.0024614499046394425im, 0.0008916497562053664 + 0.0025885667974811307im, -0.022720462164063388 - 0.03351872870948598im, -0.003343280226884033 - 0.0039308114531288125im, 0.004551335522973716 - 0.025118894678091943im, 0.0024146281752896333 - 0.024810201972410913im, -0.007799923162833948 + 0.0051174705165232415im, 0.0012157080816955523 + 0.004845174765476251im, 0.0003136036910057872 - 0.0015166027828428295im, -0.001724079870558531 - 0.0001641250385110292im, -0.005297722593973534 - 0.002450475362903735im, -0.016859907936032283 - 0.01059309512735217im, -0.022640462571578875 - 0.022349913199591884im, -0.0026889901680637617 - 0.0020032736629092564im, -0.0010466438136413146 + 0.0007550223261695653im, -0.0005307703798349707 - 0.003392965575964211im, 0.00036071636233919193 + 0.0037777761891344486im, -0.013097344241293692 - 0.0005351199385416747im, 0.0009048265260902441 + 0.006425097939204572im, -0.008702647181740755 + 0.015345793788200853im, 0.0035308612253676878 + 0.0003221573324227817im, -0.005904910250180378 + 0.0006271315426635348im, -0.003563576090074942 - 0.0011771628301952752im, 0.008183225628401368 - 0.0007418548964508983im, -0.0018239074882389118 + 0.001213827756136551im, 0.0065758262687403875 + 0.00013747044539615707im, 0.0045425053619066996 + 0.011919600560055496im, 0.053098634633401684 + 0.004077361277594871im, 0.01853850731217475 - 0.03781431850434164im, 0.00739338816218142 + 0.0004346904103445593im, 0.058275259333014105 - 0.035747861308988486im, 0.0014191470911507386 + 0.004443571803467867im, -0.0133789046971121 - 0.01901067011808605im, -0.008503744320664992 - 0.005816389368915075im, 0.03973571544915333 + 0.01945081757599397im, 0.010648506762011024 - 0.006164286268430066im, -0.006478312617222801 - 0.02550651947265032im, -0.05093550965676743 + 0.09105488130428115im, 0.010420464781185166 + 0.0035796909780092664im, 0.0185809060422452 + 0.014664231191345179im, -0.004445238675567653 + 0.0029658902049887557im, -0.014679868675486181 - 0.010212462722085473im, -0.003481787245523694 - 0.0022932049770123166im, -0.008914992718453243 + 0.012411119725891638im, 0.03322136460851456 - 0.08878109328817371im, 0.0014565015314033053 - 0.0067903469082874im, 0.0048276783895286205 - 0.008226617610924223im, 0.005812692149478099 - 0.004786918358708866im, -0.01927090239503834 + 0.019085375278719938im, -0.0007402320317863303 - 0.0011145462713570138im, 0.007913792734729395 + 0.01272913398111582im, 0.02546452413873763 - 0.030398001336017565im, -0.000945597494463974 + 0.007540626469148613im, 0.004251085120135369 + 0.005714156321938618im, -0.01069378523616365 - 0.015648399415840696im, -0.052238738420579967 + 0.02277167769997888im, 0.009902933700136035 - 0.005811787490416225im, 0.042521992474489706 - 0.0025169807540097134im, 0.006398110371147254 - 0.004529472100123008im, -0.004906971002972088 + 0.012323169052845018im, 0.01228395471918354 + 0.0011282123722450247im, 0.004235662803045997 + 0.01224459362774476im, -0.005487594408432185 + 0.008377357633319123im, -0.006739879258945151 + 0.007336652607152389im, 0.00202506783631817 - 0.00915346288589157im, 0.0012243633751092737 - 0.005146361344199779im, -0.004038696693446348 + 0.005784972350914181im, -0.0035329661990632826 - 0.0033543854358903677im, -0.007193890802612808 + 0.0013361537396794877im, 0.004112168920157756 + 0.0047219044595539885im, 0.010494589998749368 + 0.009428995603332721im, -0.002346193503952916 - 0.00242625919863997im, 0.02095396662348861 + 0.016226142048473134im, 0.0003345575705206361 - 0.011970795932197457im, 0.08229141394901018 - 0.008653001424392404im, 0.006867519795532608 - 0.0024380317534299072im, -0.003189964803313243 + 0.0028107696319050945im, 0.014841405830491462 - 0.002437161525987178im, 0.01123554232546197 + 0.04505593061421775im, -0.006738891040397149 + 0.0006338947808275429im, 0.026242922244915645 - 0.006881486535708607im, 0.012446608041878866 + 0.03786251887446971im, 0.029342926587204724 - 0.022122747668803764im, -0.0021913318855757845 - 0.01743635863621438im, 0.003724332866649413 + 0.005912137446649478im, 0.008448470222007115 + 0.03296587874431745im, 0.0036199939256320807 - 1.4309543953793966e-5im, -0.03164622412592707 + 0.003567850671250151im, -0.020230275059477488 - 0.00032105656633556504im, 0.03686070466243045 - 0.033648251544305875im, -0.009724702422459474 + 0.053652741055957034im, -0.00011821172864706408 + 0.008202080469500038im, -0.013390520203319876 - 0.007970680457212777im, -0.02124556006425891 - 0.004045707695978236im, -0.023702779613350815 + 0.005485530338125657im, -0.014784922238924393 + 0.013594236233141857im, -0.008941164906992963 + 0.003827810834978572im, -0.004144932948202492 - 0.0037736035951323947im, 0.014400064269617818 - 0.01150666690183535im, 0.00500461168724413 + 0.013743071233673663im, -0.034433817605655725 - 0.06525849618771068im, -0.008616643811637516 + 0.013316888659179276im, -0.007269677310110621 + 0.010581897535475681im, 0.014197191466775986 + 0.00621647139386364im, -0.0024917136627743805 + 0.0009994422300115822im, -0.0006009903061258747 + 0.006777377415253497im, -0.0009542186700305589 + 0.0009621089378110297im, 0.009190769081022827 + 0.013027543271671063im, 0.005936314905111092 - 0.0022599490900595065im, 0.00021848459344554918 + 0.0047580191414925985im, -0.03504244600519047 + 0.0032315219185120427im, -0.0042769299667372905 - 0.0039011882530213086im, -0.003943297241047587 - 0.0027915196411206216im, -0.00023358805795226773 + 0.00046328081168814584im, -0.007371677674256999 - 0.023421271034308473im, -0.0035264055932672156 + 0.002560290058927752im, 0.0028775555989925456 - 0.004093385306628666im, -0.007318340932579939 - 0.004903868895968205im, -0.0015561790302470516 - 0.002545591195339292im, -0.0011716671567303823 + 0.003247783095813009im, 0.0002779601063137372 + 0.009947403435563358im, -0.029442388225444063 - 0.008049167256471123im, -0.0019094750769860442 - 0.001362056895605662im, 0.0033395817027025683 - 0.004531772797615068im, 0.006510037497815114 + 0.026294267251599418im, 0.013147132624834714 - 0.0009822230378292033im, 0.002604101325111567 - 0.013017807417561634im, -0.0036248173394088754 + 0.002534441395695469im, 0.0005762482896349839 - 0.004149971192483223im, -0.009013613024566476 - 0.0014434486129230168im, -0.006451008281045082 + 0.012885363564933666im, 0.020187973559988876 + 0.017895730310994947im, 0.020867433076409078 + 0.018050640048216854im, -0.02824230596490441 - 0.0005380158928880081im, 0.014596102177859447 - 0.014211673416831477im, 0.004214250157231759 - 0.007900051511908387im, 0.0019775789965942457 + 0.0008903661192688339im, 0.025504122997417843 - 0.012044716608700512im, -0.002745910288975803 - 0.013348458718521515im, -0.039625613466679435 + 0.02384302426807913im, -0.013740046318624783 - 0.008494375556077577im, 0.016692057311556548 + 0.01420455599919778im, -0.0014279259988321893 - 0.007423109665610264im, 0.0024883783935277905 + 0.004786295704100326im, -0.005585944088689017 + 0.0025505687892813204im, -0.003871133311806799 + 0.002570975745428464im, 0.01639178324291047 + 0.04891887112989178im, -0.011063060743542472 - 0.014384867241463694im, 0.00047444767788963274 - 0.0007721920615738235im, 0.003194971562320589 + 0.005724266775229609im, -0.0009840158863851736 + 0.002601343936832947im, 0.00670356919438303 - 0.002338734859497889im, 1.1955006370514054e-5 + 0.001785252632232257im, 0.056601684256378564 - 0.014052386310299429im, 0.007925182897132404 - 0.01730305259982219im, -0.0016348113159022307 - 0.00518228121664255im, 0.009148589998510245 - 0.0028793351367235142im, -9.493769235462798e-5 + 0.0006240487751133142im, -0.007545495025946965 + 0.005893610613112818im, 0.006287207347495869 + 0.0058572205358286035im, -0.019001757294803582 - 0.008648856035974659im, -0.027934354686229772 + 0.007521956817507884im, -0.017099529963880703 + 0.016526502221131986im, 0.0015402321509717127 - 0.006886400711601402im, 0.0015157153913991147 - 0.001168609009588951im, -0.0004657497904308446 + 0.002517532249422922im, 0.003093030091160394 + 0.010190513184716095im, 0.0009656727971924018 + 0.005456769207561099im, -0.014945820721365537 + 0.01201084691537244im, 0.008609091747273548 + 0.020551343139780638im, 0.0008127820360729847 - 0.0002823973571710092im, 0.0008441845128208538 + 0.00010426405633888469im, -0.001467969614279548 - 0.0039311363630642636im, 0.010483419532325396 - 0.002921568358736425im, 0.0011243543831949896 - 0.0005279318761286835im, 0.019555811330856883 + 0.026663147918755303im, -0.0059485562178185555 + 0.010921156988115818im, 0.0072842581377593986 - 0.009797088709301462im, 0.002300923139941586 + 0.0008449445230788439im, 0.0018300592996740716 - 0.008688893623246539im, 0.008918905496573544 - 0.0025506418635393197im, 0.002174186302188343 - 0.004803701378903842im, 0.0034908246854695934 + 0.02168001270982194im, -0.004200048457482666 + 0.006558986731270631im, -0.0008214496012859934 + 0.003136812615916827im, -0.005250099415836428 + 0.007441838511324294im, 0.008715984015364978 + 0.0017783324190299903im, -0.001015970070237253 + 0.004002474826312811im, 0.005102059309501502 - 0.012726327493149173im, 0.005946445579770602 - 0.01289129361351684im, 0.0103865118729778 + 0.008658150569981435im, 0.0010163275865390268 + 0.006195860416815056im, 0.02375523056232567 + 0.011769859395919235im, 0.007616101422835967 - 0.01063670324721892im, -0.0048755326635330125 + 0.0005867604615266229im, -0.015028965211983745 - 0.0027179733023835573im, -0.00147163902100356 - 0.0019522747519539689im, -0.012709924742014376 + 0.02210643489330272im, -0.029682513116315788 + 0.021044265024432574im, -0.002525605912972764 - 0.011087917792848704im, -0.020071591827935904 - 0.02141830657622847im, 0.000740776645649797 + 9.223895613842543e-5im, 0.0008340030013244453 - 0.0035723996814470416im, -0.001823776078052663 + 0.00338261143463954im, -0.013203869170382231 - 0.017275763157199427im, 0.0015057204309103774 + 0.00013754041394430276im, -0.007501994138802279 - 0.001524047713166065im, 0.0004275331593726077 - 0.002926864522346224im, -0.00041436331824083283 - 7.952586801437473e-5im, 0.004069896371901214 - 0.0024607160739670724im, -0.008077234421353057 - 0.0012920891594959414im, -0.005795568482062995 + 3.889848801546336e-5im, -0.004263926986601176 - 0.006783794784969507im, -0.007826554265067046 + 0.0022818035868734485im, 0.002019966534543553 + 0.00024150435729142162im, 0.009314056185085209 - 0.0004975243596569162im, 0.009691931130696704 + 0.006366032072845389im, 0.023903925224552758 + 0.008604315726376956im, 0.003424726684569515 + 0.0029543220332399174im, -0.00872383930377695 + 0.007353109053084939im, -0.010320522441287802 - 0.0022523137151061437im, 0.012506099202891969 - 0.005757140771198684im, 0.015915133663789233 - 0.009082496864910392im, 0.014593179253841607 + 0.015956088515958682im, -0.001015159030968994 + 0.007092547130150247im, 0.002958535885716818 - 0.001268348193793031im, 0.0027043141460995294 - 0.0015500583886955655im, 0.0016526318091214293 - 0.0015754298732392582im, -0.0019325854062202596 - 0.005338953041149308im, -0.010894424369387092 - 0.0017496684062424514im, -0.002819348617816363 - 0.004205926094680303im, 0.0002466370790407545 + 0.0001653448534880503im, 0.0016309543797203068 - 0.0018583767750870621im, -0.001183032575244459 - 0.0003104204719840117im, -0.0010089629775735167 + 0.0016032718160180308im, -0.003847650901525561 - 0.0007129519481782069im, -0.0026738947573592344 + 0.002765450481673243im, -0.005000331594663022 - 0.008054043268377886im, 0.00033338233591975524 + 0.005467675333966706im, 0.009054030078097523 + 0.013020855223941587im, -0.009886228839570334 + 0.00591984654072867im, -0.0033786893098574637 + 0.004317480649520615im, -0.005916732498542406 + 0.004806048568577556im, -0.0029758833998851167 + 0.0061783858303471875im, -0.01601453348420316 + 0.007776592733553913im, 0.025316058960800008 + 0.003334812163004844im, 0.006105354517325849 - 0.0029056252709054407im, 0.001742444078299589 + 0.007517386580361603im, 0.0012412285827163958 - 0.00513400787923718im, -0.015777377385559784 - 0.0035860047124065255im, -0.008828261720332721 - 0.023861441563316894im, 0.006001441053212703 + 0.0014273957405105265im, -0.0006822825026094213 - 0.0011844861771451059im, -7.103905335605828e-5 + 0.0016598647135609309im, -0.0011008785066817003 - 0.00036155056196223855im, -0.0014666894376255183 + 0.003016660176137465im, 0.001408208664532909 - 0.002287346893620453im, 0.0018052264037701786 + 0.0011472629195637353im, 0.00017528029704143243 + 0.005342370297717504im, 0.0001357734425942015 + 0.0020834889925215204im, 0.0007697464462106998 - 0.000790112590528085im, 0.0011262893005744435 + 0.005316418968731581im, 0.0039732546381326195 + 0.005967338895914659im, -0.009779636727075748 + 0.0044685493725399395im, 0.007996180976222485 + 0.002280204027920822im, -0.009573356753500201 - 0.0021498521022527617im, 0.009757100060159975 - 0.03401937330672499im, -0.007124548743837965 + 9.503593487525742e-5im, -0.0009488893428114695 + 0.0005330320680275916im, 0.0028205494840069074 - 0.010239725020843034im, -0.0037373825418652706 - 0.005910455761210531im, 0.005988718062873232 + 0.010641237489530248im, -0.0044433052319526704 + 0.006065523558590856im, -0.003204005280899308 + 0.00510611683724069im, 0.0018561428005230043 - 0.005261316682228787im, 0.0014144416255586786 - 0.004367441538966467im, 0.026669966942029718 - 0.020830633707096063im, 0.00407340966066592 - 0.005537800559879427im, 0.00017263137056150387 - 0.0014402165088708522im, 1.630150434664564e-5 + 0.0002072677563251201im, 0.012386003681353496 + 0.01674119501332057im, 0.010396756946782663 - 0.002612838713193636im, 0.0031308085600227115 - 0.005130073943995742im, -0.018042116038869255 - 0.009820869479634196im, 0.015808212527191657 - 0.004084949005733582im, 0.005438416413160642 + 0.0002294541490941148im, -0.00954615240397174 - 0.009638029807702462im, 0.008529239893406424 + 0.0044311706693147416im, 0.003992803489893129 - 0.012436862271468714im, -0.008334356400970072 - 0.008874528660073381im, 0.0014324904764033875 - 0.00109614997874453im, 0.00011778644043118897 - 0.002369657811590889im, 0.01117704739368775 + 0.00013397347357290988im, 0.0031578738128103766 + 0.0003780415962749293im, -0.0007655738784332602 + 0.014880044424117946im, -0.011896303329425251 + 0.006882247548749714im, -0.008680409075269097 - 0.015900281856885128im, 0.0005069468880599422 + 0.008238933404991976im, -0.0061710235061700255 + 0.00564056244877449im, 0.003521256964973255 - 0.00494267028615561im, -6.570050737058647e-5 - 0.0013246470998520428im, 0.0007416143186040713 + 0.003134250307659545im, -0.0030372123481187765 - 0.005932676865289327im, -0.0013676404985727547 - 0.0010403845562843106im, -0.009688696817818499 - 0.005596996230338678im, -0.0005160653859224077 + 0.004352430617618934im, -1.477618287997482e-5 - 0.00014278849609188746im, -0.004180477336973689 + 0.002514075962602317im, 0.0008658907769713159 - 0.009627094206880292im, 0.0008415111789843426 - 0.0098958440084132im, -0.002021054431474507 + 0.004089499081732368im, -0.041525143441169525 - 0.045444624167030316im, -0.008757160788522341 - 0.006842437737219947im, -0.00748477580869704 + 0.012405800126040421im, -0.003253261210935442 + 0.04008398129787791im, -0.004801445422833146 + 0.02508607110390632im, 0.0030530768079720556 + 0.006814373919278428im, -0.01142809731695083 + 0.007224593180111787im, -0.0034664119035250325 + 0.0016255946854368834im, 0.0033924660061719525 - 0.0037640891549797573im, -0.0041038715184412685 + 0.008273007953660299im, 0.0058638167182547924 - 0.004762243852406773im, 0.009981484123676696 + 0.015754384843415025im, 0.00327418937423084 + 0.00548764242212716im, 0.0012540045190182663 + 0.001501715057660466im, 0.03186785729677825 + 0.0015033488090076112im, -0.052521344420114816 - 0.016449500513332906im, 0.05356273569075389 + 0.024855628096749786im, -0.007122952941051684 - 0.02093710854171888im, -0.0018690890926094062 + 0.007547723318697541im, 0.0023076862656751023 + 0.012781479291485516im, 0.019749355475606422 - 0.023067988145701396im, 0.007700736470319479 - 0.0016284157733758512im, -0.012306304076749442 + 0.005218784001771323im, 0.015961374635101666 + 0.010269189157042991im, 7.10443617218805e-5 + 0.00940118212271852im, 0.0037645989962019253 - 0.0018288805012405163im, -0.011063584665102502 - 0.002602688930082711im, -0.031001613292967366 + 0.003690239100304699im, 0.001705848235713621 - 0.004041138401450651im, -0.009774130768634138 - 0.0009466310464945291im, 0.0029298067229458174 - 0.009068071509794537im, 0.0050038978255808955 - 0.00031806744960947145im, -0.008274294494182672 - 0.00522035560570919im, -0.029160466473254328 + 0.03979180659481794im, 0.01529173246441312 - 0.01747172486923946im, 0.018705128261062354 - 0.020466263843081048im, 0.021230738027919818 - 0.011473533236523878im, 0.005109145874195745 - 0.0009603839910592778im, -0.005099012015330663 + 0.0008749943118877426im, 0.0029924838373910196 - 0.0003596822084527363im, -0.0016130496798642802 + 0.0011916766491553415im, 0.010449951488655 - 0.011421473858339127im, -0.0006330074621866656 - 0.0003385450299276495im, -0.023439001161521474 - 0.0069903333672418876im, 0.006941999397583298 + 0.023312876757138182im, -0.009424616541197377 + 0.00577275216635308im, 0.011332371481428502 - 0.0007909657261192412im, -0.0023225549384388805 - 0.0022216925790509417im, 0.0022572323063889984 + 7.598437881334682e-5im, 0.00946218164957663 + 0.03409998971879041im, -0.014896933403231973 - 0.018163730055442705im, -0.0016296811937291022 - 0.00031724350198276225im, 0.002662504650149568 - 0.003122276873516983im, 0.001699486149800677 - 0.0013626369453153839im, -0.00438761038661291 + 0.002032406722031641im, -0.04348871040418528 + 0.02349166631784952im, 0.0025762867572890072 - 0.002803716732123035im, -0.0009715596300395162 + 0.0017861534446777757im, -0.00695738090317019 + 0.00965064134287734im, 0.024856354891330635 + 0.027993017368892852im, 0.012299484900347992 + 0.006275264529488565im, 0.023048822011070398 - 0.003702276538574612im, 0.006741666070744471 - 0.009394628369090035im, -0.002590675534042121 - 0.0033714862368353065im, 0.023343387181522957 - 0.03227881554808396im, -0.014842181832657942 - 0.04889982414837254im, -0.023240860584239756 - 0.050052476400408004im, 0.014450982346139717 - 0.00800301521360039im, 0.01195551932080896 + 0.00409705595016938im, 0.0037259169236103697 - 0.0070970990616186815im, -0.0044292474832412125 + 0.01784706232508476im, -0.0003484808687865879 - 0.0016688470647316747im, 0.009620564687800587 + 0.005693587111072232im, 0.004402778017518962 + 0.003057472459483022im, -0.0008686016726849844 - 0.014273645273897252im, 0.10209830874048807 + 0.0026281664358853425im, 0.019443121705520903 - 0.04255350657104917im, 0.006286688077862602 - 0.001993841474988715im, -0.0057338219938468365 + 0.0025480297072359133im, -0.004267382038741993 - 0.003752419655510369im, 0.0037904169973272334 + 0.00031092332387007817im, 0.004766756497798866 + 0.0016430099748860083im, 0.006770615073334701 + 0.015552493440441274im, 0.01963287465998226 + 0.0123339359072479im, -0.0003232854637816566 - 0.0038180246505550327im, 0.0036374470181371097 + 0.014666119809086919im, -0.02692208226439998 - 0.04643753765492996im, 0.0014622870373496646 - 0.0041917584355369636im, -0.00594166955197281 + 0.007394126968877282im, 0.024810640311189968 - 0.03338541845162028im, -0.013261561134980438 - 0.005467677635173509im, -0.01705636899024994 - 0.02244894664475876im, -0.006799511394421763 - 0.004543293546997241im, -0.01970935403113661 + 0.006712293352091426im, -0.02453398913171614 - 0.028734791907452147im, -0.02231121728555375 - 0.010130993301867916im, 0.006261756844856174 + 0.004483786596804957im, -0.005784627472253644 - 0.002783314219622557im, -0.002508414726952223 - 0.0028980339433517647im, 0.002175559611561177 - 0.010787154786848229im, 0.006154235799465142 + 0.005317175794037528im, 0.0007108550360667114 - 0.0019536360843262403im, -0.005902967656080344 + 0.0021726674433565564im, -0.004744815820411445 - 0.0034727359627398564im, -0.008102306294685375 - 0.0032970385467253im, 0.005165752859523123 + 0.022067742839806063im, -0.0011143581045520326 + 0.010424482426937078im, -0.0021452644535377477 + 0.001073424287075859im, -0.0014222553218949119 - 0.0012235066642241417im, -0.009106531100231484 + 0.0007311398403426964im, 0.02283290654643976 + 0.024758336750422147im, -0.012300483081895056 + 0.00698255016677667im, -0.0223426006222381 + 0.009644024529358693im, -0.01197007889900294 - 0.03942877828961513im, 0.004022156174015636 + 0.0054245077342701875im, -0.0020438884130014596 + 0.004770175043780579im, -0.0006059654249313436 - 0.038478209029942985im, -0.009582254866190862 - 0.005749038536702092im, 0.0015827683027730133 - 0.0002772642905290309im, -0.00030904359990000863 - 0.03626882335516904im, -0.019814108331158504 + 0.014004682063438918im, -0.09743447868724645 - 0.04208172124529329im, 0.01921689398987106 - 0.011563616711438525im, -0.006588155381222218 - 0.008369914501431368im, 0.0037371754494816604 - 0.009354033637918126im, -0.01278503526153789 + 0.02014086231297117im, 0.008008280079555383 + 0.01590294795760198im, 0.02316508321496949 - 0.019711511846087im, -0.022687115200260392 - 0.012401162604239029im, -0.015217238657843198 - 0.011842738343531133im, 0.0046315400943530895 + 0.010215540880670644im, -0.01204925410287223 + 0.034262720925652926im, -0.016752955033566434 - 0.030951240153644446im, -0.024800146888936052 - 0.024991280383462284im, 0.006582088313676869 - 0.00461349668825022im, -0.002648322439939489 + 0.0008463116122955101im, 0.00516443087628365 - 0.0056531615086256445im, 0.005677578777848873 - 0.02322090523749299im, -0.03400694715178782 + 0.016732436196059613im, -0.042559928470049926 + 0.010558851076464983im, 0.01377822932511271 + 0.0034506876047593112im, -0.017940888544587887 - 0.004753356136013017im, 0.012218871177484304 + 0.005754560715790774im, 0.0006047274351007654 + 0.0015545938740993883im, -0.00035336429055100735 - 7.917951398573591e-5im, 0.00026304971493983 + 0.0006192170826929212im, 0.010902266537924766 + 0.00290770987070977im, -0.0018320058336640198 + 0.0015260140578239592im, 0.009470676675661125 + 0.01377492590179482im, 0.007436138576927335 - 0.0030338648586401024im, -0.0012682064883735996 - 0.0020435326344867273im, 0.0022920788299335324 + 0.0012445333683921964im, -0.00579400597642345 - 0.006139478784920297im, -0.00981434443736211 - 0.0028592539290615685im, 0.002675189129428267 + 0.0033626787204473177im, -0.011440115815035352 + 0.006051848469638282im, -0.00445642582298595 - 0.004370160208893499im, 0.002031965450504706 + 0.005371911827646314im, 0.015390459657930096 - 0.005572183263603385im, -0.0012968673014946577 - 0.007472018132752027im, -0.0009165064924431529 - 0.0038651695751416876im, -0.0035356884371715927 + 0.0011932183613415717im, -0.003515570172758164 - 0.012615726508864566im, -0.027860176317191676 - 0.004169801362527776im, -0.009865041833650738 - 0.002914565632650055im, 0.007481687892960254 + 0.006028186087624927im, -0.0031859137757028837 + 0.007090746581253046im, -0.00024641520060198516 - 0.0017413180404622724im, -0.02684535580817853 + 0.015164398720525269im, 0.004417312670274345 - 0.023437760539619684im, 0.020031854236013794 - 0.019312977030530202im, 0.005147832932174618 + 0.03910267588417359im, -0.016903888542480424 + 0.056392860948738986im, -0.029413973412500467 + 0.013596140381516875im, -0.009944022399057366 - 0.009877385256596602im, -0.004301466320181522 + 0.0018944049849237419im, 0.011877533107760359 - 0.011522705432513882im, -0.00962555007432695 + 0.029996684297952377im, -0.0020174725920059336 - 0.024214630045794577im, -0.0051328040142506175 + 0.003061592900272824im, -0.005603019663685356 + 0.001111000182480724im, -0.00034539145325168473 - 0.0015207323132393634im, 0.005559006308907906 + 0.001472146030744392im, 0.0009077247907812731 + 0.00097031793526719im, 0.0001692735721341683 + 0.005109683523895367im, 0.021634438594701197 + 0.03612434478631658im, -0.0002967729949014661 + 0.0038050746508285823im, 0.002030470676239842 - 0.006323990584528574im, -0.0031970718039053803 - 0.0070269136207491804im, 0.003794287445782274 + 0.002433080471552954im, -0.0069842069063106695 + 0.009502976617294743im, 0.013275134425102787 - 0.011010418209751412im, -0.033407768510734515 - 0.019931477145429033im, 0.001045920502687606 + 0.023045233381270364im, 0.0030018151511220807 - 0.043500681844902196im, -0.004669928045132151 + 0.0011583260854584312im, 0.0007318650078113477 + 0.004586246496332779im, 0.002406466877193718 + 0.0037125386042539035im, 0.0037643613843890817 - 0.007001994829484273im, -0.010769874657022139 + 0.0031919826098893425im, -0.020665966012307576 - 0.008596667567211004im, -0.003431163021174883 + 0.0024959426796939865im, -0.002265185831006992 + 0.0010387485422282505im, -0.001051619477231714 + 0.0032353262185765095im, 0.007554189665440598 + 0.0060948962592215im, -0.0003044165425019207 + 0.0028314143555880763im, -0.0069130203101094466 - 0.020395455425760697im, -0.0017960389791081511 - 0.041235790431641425im, 0.02395216083746723 + 0.0022858693845348374im, 0.009027158303254191 + 0.004693394944393568im, -0.0028853639218202895 - 0.0030134230712297104im, -0.0009711616665025843 + 0.004924269244778907im, -0.0007951095007023362 + 0.0005188021468843737im, 0.000915805390635619 + 0.0018461275621681397im, -0.002550149001846663 - 0.01273443528326759im, 0.00261348130552508 + 0.00219990322200733im, -0.0027062890050951805 - 0.0033573828279972804im, -0.00341847679671724 + 0.010325510274160999im, -0.008986666185588224 - 0.004721106214513616im, 0.002607448695333753 + 0.011507121081209706im, -0.0016159918306216045 - 0.030520141824782566im, 0.012396882934003024 - 0.015526502401812711im, -0.0005683353716087442 + 0.00042809803150860315im, -0.0018306446870867466 - 0.0021435077081521465im, 0.008352127626741526 + 0.004890216046446907im, 0.0013681680894982555 - 0.004260807856710487im, 0.001631350793199891 - 0.0021128321373408685im, 0.0050650974134380505 - 0.004031337338296321im, 0.01024464611376681 + 0.004739687316624994im, 0.012458988421470125 - 0.02496052155591046im, 0.03391212265083353 + 0.010135286797913983im, 0.01464319447963233 - 0.03392739917839262im, -0.014825246620783512 + 0.00245215587058714im, 0.019493113636842915 + 0.0018725417758304495im, -0.00405796352504214 + 0.002749291409128783im, 0.002248037017129049 - 0.0016827671492401477im, 0.025186582279269155 - 0.016792075305748534im, -0.019059808042964064 + 0.01788534825678502im, -0.007041725521631269 - 0.0024714112907077436im, 0.005903599029040468 + 0.0001704160961316293im, -0.00133298794413423 - 0.002135160209174696im, 0.00958389927817007 - 0.002181301139751666im, -0.00527031415257888 - 0.014215496126625057im, -0.00899715190096895 + 0.0036415384063519284im, 0.006293604779287323 - 0.002688335771325633im, 0.001531192373643885 + 0.0015258237625582224im, 0.0025463975583593823 - 0.0030586958970647868im, -0.039098989359782066 + 0.0073814676979701765im, -0.01284795602610345 + 0.01258743327420497im, -0.0025467306045452937 + 0.0036650417795863477im, -0.0004428779383019444 - 0.0016456856280278106im, -0.006703662368566192 - 0.012804414999356166im, -0.0013587619991171547 - 0.0010258118442753657im, -0.0065196711364684905 + 0.022543627674617938im, 0.007891170692991733 + 0.012151809527631513im, -0.004209423644296352 - 0.0108451681524592im, 0.008299599202395244 - 0.0018871786438498892im, 0.0022022962224707543 + 0.0005755111605191188im, -0.00013152541296940537 + 0.005758062220176117im, 0.0038444264638929676 + 7.666622780003218e-5im, -0.0023033213241531506 + 0.01220164219620284im, 0.0040156196128619225 - 0.012034982708218648im, -0.014148204853321666 - 0.023025700362950485im, 0.006291648008007205 + 0.0009406445869836447im, 0.0004074418096662538 + 0.0007423255334139836im, -0.00571248629221562 - 0.0031607777244327447im, -0.0006329344504805609 - 0.0034258542496492773im, -0.0025020313469457664 - 0.007507655191932369im, -0.00145146405085222 + 0.00023280783038886183im, -0.02070068717762898 + 0.007638373319870288im, -0.00044630523744696994 - 0.003169521042091248im, -0.008473610452401067 + 0.003096436785530981im, -0.0014670258438223551 - 2.3240955600561633e-5im, -0.0043671540044938 + 0.004388110256437305im, -0.0002533713313689957 - 0.0030466245612025744im, 0.005733680736958943 + 0.004100952551470308im, -0.007212464930755648 - 0.002361161006252018im, -0.006431861409178337 + 0.002828356611496949im, -0.008751422736974913 - 0.011718707044151504im, -0.004882648516896033 + 0.0015193154215576675im, 0.0038831214496278647 + 0.003723920835964274im, 0.0025381496622348086 - 0.002220408874715248im, 0.014864808510803669 - 0.011072364635539836im, 0.006497112418238722 + 0.004157509476695809im, -0.0027764039442393566 + 0.0022627431648381898im, 0.009532144823433491 - 0.005295565433693375im, -0.0007064571490967925 + 0.0001546908934270102im, 0.0014991663866716456 - 0.0033412908349115455im, -0.0009993923408362264 - 0.00015165768343861001im, -0.0014981796998161589 + 0.0054064480987005715im, -0.0032140945092555026 + 0.0066529673088542695im, 0.002658394163170584 - 0.0013918580894224837im, -0.0010816282256205976 - 0.001988938424516344im, -0.002295759974078893 + 0.0014880068165477876im, -5.689443760909106e-5 - 6.504945906909694e-5im, 0.004409452729242331 + 0.004001601444971195im, 0.00046233829992304546 + 0.005006097926742602im, -0.0003495252213132987 - 0.0002982730123011309im, 0.019659710499973865 + 0.0014075223704474243im, 0.0034192524001182517 + 0.0025305320046960698im, 0.0019966078630594924 - 0.001626262120158363im, -0.011653280283387964 + 0.01980580925145859im, 0.01840356937610321 + 0.00955376928107518im, 0.002147048270980176 + 0.003064747118706616im, -0.005015545930786131 + 0.03501136769766603im, -0.009993508418826064 + 0.009915756351271792im, 0.001330665492613356 + 0.012729094806295827im, 0.0005671821522244028 - 0.002886992273354616im, 0.01108041908201788 + 0.005048979896453785im, -0.013778836425840851 - 0.014961275202415178im, 0.00244361265518116 - 0.0011630891663843832im, 0.006918591459490485 - 0.0008749962323030598im, -0.003841400033021666 - 0.003887651817049586im, 0.008136277155966268 + 0.003104558717111712im, 0.001432273172720852 - 0.004600866224552306im, 0.011939453581359302 - 0.004209369022049375im, -0.03876483515322322 - 0.012839763709740219im, -0.00262178075234463 + 0.004950819259819571im, -0.0023312446310943978 + 0.0027381662281563976im, 0.008031732903896843 + 0.0001039239774788177im, 0.028409394564143528 - 0.0069067794150769754im, 1.5125554023768235e-5 - 0.008999388711958939im, 0.024299373261093864 + 0.0149847531887051im, -0.005351453240696548 - 0.0025956791912744768im, -0.001904817451559121 + 0.009399734573769587im, -0.0038346048010138387 - 0.006671875378808126im, -0.012950610713702512 + 0.0044194845000749316im, 0.023510794809991773 - 0.011551123278437304im, -4.7775964623321225e-5 + 0.00910980677660506im, 0.0014157715319928054 + 0.0009488217291732286im, 0.0018587383641090979 - 0.00017794067243171734im, 0.0027034522752160213 + 0.0015137400336193625im, -0.0031207731718200862 - 0.010685276246653398im, -0.0019014871909997903 - 0.0011457928627262664im, 0.01423515930275724 - 0.0060614428146159565im, 0.003314411540820872 + 0.007891761170908593im, 0.0005550257975120427 - 4.424708542314159e-5im, 0.012878771336467119 - 0.0041227257975721444im, -0.0012762686628173408 - 0.003096280219515713im, -0.001735743597244371 - 0.002163210317437406im, -0.0015282093931697873 - 0.001755283926734386im, -0.0017573268538128308 + 0.006007082675221656im, 0.0025755399912205873 + 0.006089032464158237im, 0.019224643111216348 + 0.008250259605764775im, 0.014680024501694134 + 0.02572649795009154im, -0.001672698536666969 - 0.0015850841627461946im, 0.005927663730511287 + 0.0018824113761050424im, -0.012245097094720348 - 0.019658465957041977im, 0.00015352912840752166 + 0.008725664470909783im, -0.0038555158505348096 - 0.008820198833359381im, -0.013097344241293692 - 0.0005351199385416747im, 0.0009048265260902441 + 0.006425097939204572im, -0.008702647181740755 + 0.015345793788200853im, 0.0035308612253676878 + 0.0003221573324227817im, -0.005904910250180378 + 0.0006271315426635348im, -0.003563576090074942 - 0.0011771628301952752im, 0.008183225628401368 - 0.0007418548964508983im, -0.004084393386911033 + 0.0027632862779882893im, 0.011902063704277967 + 0.008690411478829431im, -0.0035774578510792106 + 0.025841559892685176im, 0.01681726781181917 + 0.011089378370285287im, -0.009931150551907209 + 0.001941299112375897im, 0.007770507593506319 - 0.004187457503182777im, -0.0074116870051511245 - 0.001392672891592158im, 0.0011930382210889809 - 0.04794795761976241im, 0.0076274889870942275 - 0.02121635692222702im, 0.011091159589423435 + 0.04022111385362486im, 0.006579120700957153 + 0.003701547659160659im, 0.003310005373381538 - 0.0005133822503428152im, 0.0019082224337784385 + 0.0075432101627757545im, -0.02059353014083016 - 0.017768026431605462im, -0.00505879448481279 + 0.0070407915224125475im, -0.005173168660147807 - 0.01362952795997028im, 0.01228307100116954 + 0.007976058954843945im, 0.0006258285984238349 - 0.0015671387133883304im, -0.004369946029101299 - 0.002404857299568101im, 0.014600075394369971 + 0.0021181937250585154im, 0.026011309314867552 - 0.010130153313849387im, 0.0078926556448344 + 0.005983091665881243im, -0.011211205358908832 - 0.0030782966917589074im, 0.0007271222961623507 - 0.014851724994330944im, 0.004561432028545317 - 0.003631896726588695im, -0.002982893340776706 + 0.0024614499046394425im, 0.0008916497562053664 + 0.0025885667974811307im, -0.022720462164063388 - 0.03351872870948598im, -0.003343280226884033 - 0.0039308114531288125im, 0.004551335522973716 - 0.025118894678091943im, 0.0024146281752896333 - 0.024810201972410913im, -0.007799923162833948 + 0.0051174705165232415im, 0.0012157080816955523 + 0.004845174765476251im, 0.0003136036910057872 - 0.0015166027828428295im, -0.001724079870558531 - 0.0001641250385110292im, -0.005297722593973534 - 0.002450475362903735im, -0.016859907936032283 - 0.01059309512735217im, -0.022640462571578875 - 0.022349913199591884im, -0.0026889901680637617 - 0.0020032736629092564im, -0.0010466438136413146 + 0.0007550223261695653im, -0.0005307703798349707 - 0.003392965575964211im, 0.00036071636233919193 + 0.0037777761891344486im, -0.004038696693446348 + 0.005784972350914181im, -0.0035329661990632826 - 0.0033543854358903677im, -0.007193890802612808 + 0.0013361537396794877im, 0.004112168920157756 + 0.0047219044595539885im, 0.010494589998749368 + 0.009428995603332721im, -0.002346193503952916 - 0.00242625919863997im, 0.02095396662348861 + 0.016226142048473134im, -0.0018239074882389118 + 0.001213827756136551im, 0.0065758262687403875 + 0.00013747044539615707im, 0.0045425053619066996 + 0.011919600560055496im, 0.053098634633401684 + 0.004077361277594871im, 0.01853850731217475 - 0.03781431850434164im, 0.00739338816218142 + 0.0004346904103445593im, 0.058275259333014105 - 0.035747861308988486im, 0.0014191470911507386 + 0.004443571803467867im, -0.0133789046971121 - 0.01901067011808605im, -0.008503744320664992 - 0.005816389368915075im, 0.03973571544915333 + 0.01945081757599397im, 0.010648506762011024 - 0.006164286268430066im, -0.006478312617222801 - 0.02550651947265032im, -0.05093550965676743 + 0.09105488130428115im, 0.010420464781185166 + 0.0035796909780092664im, 0.0185809060422452 + 0.014664231191345179im, -0.004445238675567653 + 0.0029658902049887557im, -0.014679868675486181 - 0.010212462722085473im, -0.003481787245523694 - 0.0022932049770123166im, -0.008914992718453243 + 0.012411119725891638im, 0.03322136460851456 - 0.08878109328817371im, 0.0014565015314033053 - 0.0067903469082874im, 0.0048276783895286205 - 0.008226617610924223im, 0.005812692149478099 - 0.004786918358708866im, -0.01927090239503834 + 0.019085375278719938im, -0.0007402320317863303 - 0.0011145462713570138im, 0.007913792734729395 + 0.01272913398111582im, 0.02546452413873763 - 0.030398001336017565im, -0.000945597494463974 + 0.007540626469148613im, 0.004251085120135369 + 0.005714156321938618im, -0.01069378523616365 - 0.015648399415840696im, -0.052238738420579967 + 0.02277167769997888im, 0.009902933700136035 - 0.005811787490416225im, 0.042521992474489706 - 0.0025169807540097134im, 0.006398110371147254 - 0.004529472100123008im, -0.004906971002972088 + 0.012323169052845018im, 0.01228395471918354 + 0.0011282123722450247im, 0.004235662803045997 + 0.01224459362774476im, -0.005487594408432185 + 0.008377357633319123im, -0.006739879258945151 + 0.007336652607152389im, 0.00202506783631817 - 0.00915346288589157im, 0.0012243633751092737 - 0.005146361344199779im, -0.0035264055932672156 + 0.002560290058927752im, 0.0028775555989925456 - 0.004093385306628666im, -0.007318340932579939 - 0.004903868895968205im, -0.0015561790302470516 - 0.002545591195339292im, -0.0011716671567303823 + 0.003247783095813009im, 0.0002779601063137372 + 0.009947403435563358im, -0.029442388225444063 - 0.008049167256471123im, 0.0003345575705206361 - 0.011970795932197457im, 0.08229141394901018 - 0.008653001424392404im, 0.006867519795532608 - 0.0024380317534299072im, -0.003189964803313243 + 0.0028107696319050945im, 0.014841405830491462 - 0.002437161525987178im, 0.01123554232546197 + 0.04505593061421775im, -0.006738891040397149 + 0.0006338947808275429im, 0.026242922244915645 - 0.006881486535708607im, 0.012446608041878866 + 0.03786251887446971im, 0.029342926587204724 - 0.022122747668803764im, -0.0021913318855757845 - 0.01743635863621438im, 0.003724332866649413 + 0.005912137446649478im, 0.008448470222007115 + 0.03296587874431745im, 0.0036199939256320807 - 1.4309543953793966e-5im, -0.03164622412592707 + 0.003567850671250151im, -0.020230275059477488 - 0.00032105656633556504im, 0.03686070466243045 - 0.033648251544305875im, -0.009724702422459474 + 0.053652741055957034im, -0.00011821172864706408 + 0.008202080469500038im, -0.013390520203319876 - 0.007970680457212777im, -0.02124556006425891 - 0.004045707695978236im, -0.023702779613350815 + 0.005485530338125657im, -0.014784922238924393 + 0.013594236233141857im, -0.008941164906992963 + 0.003827810834978572im, -0.004144932948202492 - 0.0037736035951323947im, 0.014400064269617818 - 0.01150666690183535im, 0.00500461168724413 + 0.013743071233673663im, -0.034433817605655725 - 0.06525849618771068im, -0.008616643811637516 + 0.013316888659179276im, -0.007269677310110621 + 0.010581897535475681im, 0.014197191466775986 + 0.00621647139386364im, -0.0024917136627743805 + 0.0009994422300115822im, -0.0006009903061258747 + 0.006777377415253497im, -0.0009542186700305589 + 0.0009621089378110297im, 0.009190769081022827 + 0.013027543271671063im, 0.005936314905111092 - 0.0022599490900595065im, 0.00021848459344554918 + 0.0047580191414925985im, -0.03504244600519047 + 0.0032315219185120427im, -0.0042769299667372905 - 0.0039011882530213086im, -0.003943297241047587 - 0.0027915196411206216im, -0.00023358805795226773 + 0.00046328081168814584im, -0.007371677674256999 - 0.023421271034308473im, 0.0015157153913991147 - 0.001168609009588951im, -0.0004657497904308446 + 0.002517532249422922im, 0.003093030091160394 + 0.010190513184716095im, 0.0009656727971924018 + 0.005456769207561099im, -0.014945820721365537 + 0.01201084691537244im, 0.008609091747273548 + 0.020551343139780638im, 0.0008127820360729847 - 0.0002823973571710092im, -0.0019094750769860442 - 0.001362056895605662im, 0.0033395817027025683 - 0.004531772797615068im, 0.006510037497815114 + 0.026294267251599418im, 0.013147132624834714 - 0.0009822230378292033im, 0.002604101325111567 - 0.013017807417561634im, -0.0036248173394088754 + 0.002534441395695469im, 0.0005762482896349839 - 0.004149971192483223im, -0.009013613024566476 - 0.0014434486129230168im, -0.006451008281045082 + 0.012885363564933666im, 0.020187973559988876 + 0.017895730310994947im, 0.020867433076409078 + 0.018050640048216854im, -0.02824230596490441 - 0.0005380158928880081im, 0.014596102177859447 - 0.014211673416831477im, 0.004214250157231759 - 0.007900051511908387im, 0.0019775789965942457 + 0.0008903661192688339im, 0.025504122997417843 - 0.012044716608700512im, -0.002745910288975803 - 0.013348458718521515im, -0.039625613466679435 + 0.02384302426807913im, -0.013740046318624783 - 0.008494375556077577im, 0.016692057311556548 + 0.01420455599919778im, -0.0014279259988321893 - 0.007423109665610264im, 0.0024883783935277905 + 0.004786295704100326im, -0.005585944088689017 + 0.0025505687892813204im, -0.003871133311806799 + 0.002570975745428464im, 0.01639178324291047 + 0.04891887112989178im, -0.011063060743542472 - 0.014384867241463694im, 0.00047444767788963274 - 0.0007721920615738235im, 0.003194971562320589 + 0.005724266775229609im, -0.0009840158863851736 + 0.002601343936832947im, 0.00670356919438303 - 0.002338734859497889im, 1.1955006370514054e-5 + 0.001785252632232257im, 0.056601684256378564 - 0.014052386310299429im, 0.007925182897132404 - 0.01730305259982219im, -0.0016348113159022307 - 0.00518228121664255im, 0.009148589998510245 - 0.0028793351367235142im, -9.493769235462798e-5 + 0.0006240487751133142im, -0.007545495025946965 + 0.005893610613112818im, 0.006287207347495869 + 0.0058572205358286035im, -0.019001757294803582 - 0.008648856035974659im, -0.027934354686229772 + 0.007521956817507884im, -0.017099529963880703 + 0.016526502221131986im, 0.0015402321509717127 - 0.006886400711601402im, -0.007826554265067046 + 0.0022818035868734485im, 0.002019966534543553 + 0.00024150435729142162im, 0.009314056185085209 - 0.0004975243596569162im, 0.009691931130696704 + 0.006366032072845389im, 0.023903925224552758 + 0.008604315726376956im, 0.003424726684569515 + 0.0029543220332399174im, -0.00872383930377695 + 0.007353109053084939im, 0.0008441845128208538 + 0.00010426405633888469im, -0.001467969614279548 - 0.0039311363630642636im, 0.010483419532325396 - 0.002921568358736425im, 0.0011243543831949896 - 0.0005279318761286835im, 0.019555811330856883 + 0.026663147918755303im, -0.0059485562178185555 + 0.010921156988115818im, 0.0072842581377593986 - 0.009797088709301462im, 0.002300923139941586 + 0.0008449445230788439im, 0.0018300592996740716 - 0.008688893623246539im, 0.008918905496573544 - 0.0025506418635393197im, 0.002174186302188343 - 0.004803701378903842im, 0.0034908246854695934 + 0.02168001270982194im, -0.004200048457482666 + 0.006558986731270631im, -0.0008214496012859934 + 0.003136812615916827im, -0.005250099415836428 + 0.007441838511324294im, 0.008715984015364978 + 0.0017783324190299903im, -0.001015970070237253 + 0.004002474826312811im, 0.005102059309501502 - 0.012726327493149173im, 0.005946445579770602 - 0.01289129361351684im, 0.0103865118729778 + 0.008658150569981435im, 0.0010163275865390268 + 0.006195860416815056im, 0.02375523056232567 + 0.011769859395919235im, 0.007616101422835967 - 0.01063670324721892im, -0.0048755326635330125 + 0.0005867604615266229im, -0.015028965211983745 - 0.0027179733023835573im, -0.00147163902100356 - 0.0019522747519539689im, -0.012709924742014376 + 0.02210643489330272im, -0.029682513116315788 + 0.021044265024432574im, -0.002525605912972764 - 0.011087917792848704im, -0.020071591827935904 - 0.02141830657622847im, 0.000740776645649797 + 9.223895613842543e-5im, 0.0008340030013244453 - 0.0035723996814470416im, -0.001823776078052663 + 0.00338261143463954im, -0.013203869170382231 - 0.017275763157199427im, 0.0015057204309103774 + 0.00013754041394430276im, -0.007501994138802279 - 0.001524047713166065im, 0.0004275331593726077 - 0.002926864522346224im, -0.00041436331824083283 - 7.952586801437473e-5im, 0.004069896371901214 - 0.0024607160739670724im, -0.008077234421353057 - 0.0012920891594959414im, -0.005795568482062995 + 3.889848801546336e-5im, -0.004263926986601176 - 0.006783794784969507im, 0.0030193471819606557 + 0.0025728347858270384im, 0.004702209247465125 - 0.0011938373405974828im, 0.0060765867035679705 - 0.008919725285998967im, 0.013118566255323977 + 0.028626457821375125im, -0.009018271877088972 + 0.006456591749753275im, 0.0003557657882156333 + 0.0025503657590741865im, -0.008693967106562492 + 0.0009122907337056524im, 0.001999980491100174 + 0.0015339421726074678im, -0.0022066019040366276 - 0.02746821509501151im, -0.00017695239331458828 - 0.002481068815251396im, -0.004064040791299401 + 0.001011062112088318im, -0.0025255060599986565 + 0.0070093587808048915im, 0.009715297253062322 + 0.006204862627111309im, 0.0006937665913999862 - 0.002421165523163525im, -0.010138247572531865 + 0.005730192904537311im, -0.012833798865793016 - 0.0018531698961971003im, 0.006598766826637935 + 0.00036905565851825487im, -0.008961875108513234 + 0.005208173528067573im, 0.010728701014414617 + 0.0013057738242385855im, -0.014200018980048365 + 0.010666205943385777im, -0.007791585000866906 - 0.0014749677816259512im, 0.008041161684728695 - 0.013315673529307388im, -0.0002928990666290863 - 0.003504797815997132im, -0.014312303036051797 + 0.0038576120711805973im, -0.012603881562207207 - 0.010600000924968241im, 0.014914055954887203 - 0.009264841022689504im, 0.01732918446685509 + 0.022449805886042im, 0.006152463540067018 + 0.004574826974377107im, 0.0009559887896135678 + 0.000223356456283387im, -0.010891502814914094 - 0.0014833045381278376im, -0.010187364827976433 - 0.005357054677250321im, 0.014422778159775631 + 0.007165403361665275im, -0.0019218987350666222 + 0.0018331611334994507im, -0.002759522219253753 + 0.0010083018819668547im, -3.0410549645966218e-5 - 0.000289618855851817im, -0.0009037477910975578 - 0.004807699702502452im, 0.0034538710385281918 - 0.0009962191855316098im, 0.0002600452211132531 + 0.00368697649448136im, 0.001322919606094611 - 0.001035448452095746im, -0.007426814796444504 - 0.013747623484957639im, -0.001509989711764038 + 0.00187624782481402im, 0.0030137103245889323 - 0.0004161792106966949im, -0.004674303636222825 + 0.001806901326473037im, -0.04081380543653894 + 0.011252149904150051im, -0.00880997429760154 - 0.0010252744544836981im, 0.010051338536897691 - 0.018041714524400405im, 0.040860605217821436 - 0.008019043207825843im, 0.018083873358240944 + 0.018074268154628113im, -0.0028742447087642575 - 0.0011011507500773854im, -0.0072712617535723115 - 0.0058356065439036im, -0.00011443477097871048 - 0.000661679332403144im, 0.0026050731019813256 - 0.0079679121427392im, -0.009407812537347114 - 0.009980050116671104im, -0.0031807166827520442 - 0.009019351710597376im, -0.0016287142784140757 - 0.012880924923720082im, -7.440076594708926e-5 + 0.002093060798417595im, 0.03015001052899732 - 0.013870758485974946im, 0.029454183378946595 + 0.025358635967846557im, -0.0031878013095362587 + 0.006864910911067218im, -0.00979880812033203 + 0.004217085220941099im, -0.003614497978617137 + 0.007905879453700061im, 0.005774079512377862 + 0.005800711416104608im, 0.0075371685079239316 + 0.0006571453153194362im, -0.013737196513016267 - 0.004796280909630443im, 0.00917185716702844 + 0.005176758931838152im, 0.01945010560153008 + 0.027187009303919853im, 0.0018063626588353844 - 0.0017265630892671245im, 0.017522107924776476 + 0.016294008026281847im, 0.013401217235274437 + 0.004953739068235441im, -0.0037913418525798476 + 0.01483094788748859im, 0.0010779133148421975 - 0.009081729443326352im, -0.00022915079005166272 - 0.00181011796630824im, 0.00024025258200148248 + 0.007345388399001605im, -0.007642318273785712 + 0.0006320395851428087im, 0.00473282025981093 - 0.006807163234578185im, 0.03309242586987085 - 0.0010162998007514498im, 0.012239766008295537 - 0.02745027524796468im, -0.001202566085109929 + 0.0036492961079673644im, -0.015953971063479202 - 0.01975211317419548im, -0.0022313498285078752 - 0.011805177123701804im, 0.006911131616470444 + 0.0017475714245849317im, -0.005703686701029445 - 0.0037455450884444634im, 0.0016132768410866856 + 0.00013378962519366216im, 0.004189805141094675 + 0.0013231308132006575im, 0.0003737279435010969 - 0.00040117073192206436im, 0.010031902501164454 + 0.016181728866711126im, -0.0024501305379046093 + 0.0018511949399957297im, 0.0035674519346348865 - 0.002572102100715429im, 0.0038846760807439117 - 0.008584330854298525im, 0.007625048644932293 - 0.0019936092219181955im, -0.0013107343199903687 + 0.0006962291748319549im, -0.0016247132667288294 + 0.0692567502848557im, -0.030349618326695787 - 0.020042433351550194im, -0.002672685787489836 - 0.0075781278216065255im, -0.009794836796582898 - 0.0067184446363346886im, 0.00015108632009367833 + 0.0025259105623017305im, -0.0012056207495275374 - 0.0008988087569452959im, -0.013655103394619466 - 0.004387016948115416im, -0.0030782762212618275 + 0.0012923190351592161im, -0.0015909037571890695 - 0.002124571178423151im, 0.006423171612998856 + 0.003061567746937601im, -0.01786147420667806 - 0.013490158781038514im, -0.011898353766748353 + 0.011017482493955424im, -0.004536095296390856 - 0.012566886574092502im, -0.0121537103795435 + 0.00243198788634978im, 0.002117494995817531 - 0.006366776370064271im, 0.01969419679311733 + 0.007811312095765772im, -0.023484337544667735 + 0.04776273903211712im, -0.06732412982540448 + 0.017341013890882703im, 0.016474748467899782 - 0.023294655305312953im, -0.00035422269759859153 + 0.008004536213361708im, 0.051244299212618666 - 0.01396458029478898im, -0.005615281082278032 + 0.02246257833266426im, -0.004000730151496257 + 0.015017463775644143im, 0.010017333159747597 + 0.005157467589352994im, 0.007079401091427864 - 0.0039047911139017707im, 0.004527115913530089 + 0.005215421228471162im, -0.01820539571097268 - 0.021928991008065817im, 0.023582172662213543 - 0.01263567689703964im, 0.0010998515067160008 + 0.006057223936446695im, -0.0024574996412424846 + 0.0003006958450860505im, -0.0016333465241163097 + 0.0031117935029533663im, 0.007809777869273642 - 0.004994463640021237im, 0.004253646636594547 + 9.540301999441368e-5im, -0.003588319953387983 - 0.005360703237576273im, -0.00875015632479929 - 0.0852311757858907im, -0.00379423782811941 - 0.01098110353705171im, 0.009129094760139681 - 0.01242753615523326im, -0.0015781267053102822 + 0.024355723188559115im, -0.00838065746166012 + 0.012702184428510949im, 0.0058140622984320395 - 0.0006481781637568222im, -0.005195425291560563 - 0.002150977533275956im, -0.005003139118178822 - 0.02024708564052206im, -0.0011645980385787836 + 2.01858139635421e-5im, 0.011077790407788361 + 0.006902854321774801im, 0.011601776592485269 + 0.011450359700546127im, -0.029421952320574377 - 0.0180066472189246im, -0.015067024872991394 + 0.003847400484058192im, 0.031908315078916095 + 0.005446212043561937im, 8.623525799790042e-5 - 0.0011317528536316595im, -0.004409848556469352 + 0.010972121099499558im, -0.007790132554089364 - 0.009539909973559838im, -0.00048582243934512046 - 0.019307134306932844im, 0.0005087550774519019 - 0.005378240827549076im, -0.0015570477704755742 - 0.0017656124572405345im, 0.00024674398605426494 + 0.00027207482676248245im, -0.014924470826341412 - 0.015484757612871458im, -0.0028351315273099677 + 0.00937519977220525im, 0.003241337321547871 - 0.004292940025751431im, -0.001514199141109962 + 0.0006340321735314505im, 0.0033511690274863246 + 0.007836138522525404im, -0.009640085909132273 + 0.004361563679905228im, 0.01917971781205795 + 0.010990852494142214im, 0.032642182515449605 + 0.0015718734610100644im, 0.0023053244577596168 - 0.004193010816500562im, 0.05669043895584126 - 0.021669710118162808im, -0.021202394256979486 - 0.01181804362520335im, 0.0026784750003160727 + 0.01680297499598058im, -0.03882704910102456 + 0.02406923763045224im, 0.005716504904929445 + 0.013993811107287767im, -0.017505788712527455 + 0.013725693475238675im, 0.024447052452156007 + 0.027891458151357972im, 0.015620340410888518 - 0.0036164469558548832im, -0.004519702299884117 + 0.012379500491177687im, -0.0656958559467221 - 0.01639659639678028im, 0.0013265428561198302 + 0.00025196694993061784im, -0.006575805568466436 - 0.0553268914312627im, 0.01854319720196931 - 0.0029953026499427325im, -0.017013035598599555 + 0.0024928748469019955im, -0.007571809094192045 - 0.01476013091531726im, 0.0035023923787143745 - 0.006818234449996093im, -0.012530492330474536 + 0.011177668997121002im, 0.0054860080168087685 + 0.0032501156760667686im, 0.0036337955394179213 + 0.0009291392879812086im, -0.016849862958710198 + 0.09709183664279587im, -0.0005430884423009552 - 0.02220741182610613im, -0.005706221001906341 - 0.0015344683144218655im, -0.016358779622597405 - 0.008804569021405874im, -0.010092031464380433 - 0.0051841390843481916im, 0.009928612397316992 + 0.0015521649517845908im, 0.039180954675276235 + 0.004091477767178427im, -0.0022630193704629427 + 0.03517430768606771im, 0.0007876531185106368 - 0.024274610665573727im, 0.005153799980008278 - 0.002574419553221203im, 0.005710455181310672 + 0.013245084051890703im, -0.0029955517085598596 + 0.015403411569832484im, 0.006811901795302407 - 0.004105577911352255im, 0.00033168508145543346 + 0.001193438944019867im, 0.0015204681752524522 - 0.0031061719554386306im, 0.00011893186284603974 + 0.0022272007172870114im, -0.005192430667403309 - 0.00702381802117214im, -0.0227319732734283 + 0.0013287815039361133im, -0.0009765530216140678 - 0.0013849885882811952im, 0.003677579629972139 - 0.00016843353304526044im, 0.0005750718597982382 - 0.0046145894988176206im, -0.018701051780352872 - 0.027929157944069388im, -0.004985134671094424 + 0.00014015763372786795im, 0.019276500061429606 - 0.004058354524256023im, -0.0005170124648490539 - 0.0050951758397984725im, 0.0033568846888825743 + 0.00011740171886046697im, -0.0030114072840153445 + 0.002582949691299084im, 0.025219022655807832 + 0.02471287534372498im, -0.003950621177073776 - 0.004717637531145627im, 0.006791493879186405 + 0.004571542608172597im, 0.01116985488827358 - 0.010302950943897033im, -0.03301099794425543 - 0.001868402661045568im, -0.009755896945377656 + 0.003567447882280753im, -0.022440449561266687 + 0.004446808938425564im, -0.01198807802188998 + 0.0004996098771599734im, -0.003773619319690195 + 0.003422479381143402im, -0.036799498064391443 + 0.007104869859668878im, -0.013148976068835623 - 0.02217308383092488im, -0.03058929878412488 - 0.010808478369616067im, 0.07416410125413671 - 0.04838904220711731im, -0.001854100766407269 + 0.015169077847236931im, -0.03099779065836419 - 0.0501192270977288im, -0.009650361189115332 - 0.001987711200130408im, 0.006025600374074307 - 0.0014516767367190602im, -0.0015526421783683504 - 0.007456297162600107im, 0.026545091117281677 + 0.014538238425265563im, 0.010885371332301204 - 0.029853823970221162im, -0.009550525522911487 - 0.00346262364684691im, 0.006676385203076162 + 0.0022603796269627815im, -0.010751170915662524 - 0.03392939392330208im, -0.009794439597724339 - 0.019978371688358382im, 0.0076197659332763205 - 0.00309702388010287im, -0.0003387150939223501 - 0.0004510269268488195im, 0.0074802749542603455 + 0.00043648534332560977im, 0.018476833213955452 + 0.010185327626254962im, -0.0007537488282303917 + 0.000626785415040763im, -0.010173974559958549 + 0.007440629776116381im, 0.001758620450560804 - 0.0027029065875901004im, -0.004759909591141609 + 0.013028006148796721im, -0.012063997059005887 - 0.008219618451876456im, -0.014862968293805009 + 0.017896850379588145im, -0.0009819077436095788 - 0.002413058101851693im, 0.00021655847568243045 + 0.0010682112233617604im, -0.01405342607127227 - 0.031736389521957474im, -0.0030123587695870258 + 0.002318360136264933im, 0.003200720216994631 + 0.009005202569103967im, 0.014135148689704228 - 5.778381525322852e-6im, -0.000520227043757475 - 0.005673898053516585im, -0.003725380097701642 + 0.013734556472963238im, 0.0010628982184169543 + 0.0034661560668708376im, 0.0003723773653759668 - 0.006622663834600252im, 0.0028654285687601953 + 0.002829620490097155im, 4.25159052300287e-5 + 2.9978184032173157e-5im, 0.0021366534210778775 - 0.00488445208810227im, 0.0009859346681904482 + 0.004245784197230733im, -0.01126330984468721 - 0.026106073042210434im, 0.02267974295458426 + 0.0022903487483961625im, -0.0026643212391922067 - 0.007507748977605394im, -0.0028805329720708803 - 0.0014708061687001709im, -0.0037608368799005123 + 0.002236918619938715im, -0.026488881874671875 - 0.009292763880069561im, 0.0009222096588770192 + 0.004127685090833429im, -0.0012006616647735223 + 0.017863065935854745im, -0.009082513653780452 - 0.005969938461108041im, 0.0051633542792611 - 0.0062831943479349376im, 0.009898008277069725 - 0.0028581992720277645im, 0.0073644048926999476 - 0.025411735480399576im, -0.006456789767707461 - 0.003059366208202085im, -0.03699072514629761 + 0.00867850294818243im, -0.03602930687615491 + 0.00017319734914853185im, -0.015346027366473884 - 0.025252290923314314im, 0.000529302440091723 + 0.0015046146281188198im, -0.0011029981297193958 + 0.0023126657029971967im, 0.0029303679490939676 + 0.006297069609169038im, -0.009096771681611176 + 0.004565254256237736im, -0.0016333325100941348 - 0.01744175795160686im, 0.007812761042849828 - 0.005377264958962061im, -0.007560331233318242 - 0.004238682337467806im, -0.003745001548083116 - 0.023839258966825403im, 0.014713707194685562 - 0.006055197258441908im, 0.010111741044123766 + 0.0007341768173364934im, 0.00046824978256128976 + 0.0030868141056522753im, 0.059068079203684586 - 0.012169284292639916im, -0.00033230379903994954 + 0.0028045179207002455im, -0.006162580689985096 - 0.00675320993597149im, 0.006963366629001896 + 0.0032134098706675224im, 0.003233963995978846 + 0.0003318085251653369im, -0.006312356892205367 - 0.013075048343281657im, 0.0012814420697847178 - 0.0005444807861622435im, -0.001945967640330522 - 0.001083978152019566im, -0.008581653688986992 + 0.013353379426689814im, -0.014326407080986968 - 0.013379434609318236im, 0.005946234718646278 - 0.0062811752270924im, -0.009499201194822266 - 0.004142223538383102im, -0.000835181888527895 - 0.0035884104777178624im, 0.004206682176276473 + 0.009368590386898686im, 0.01537927432966009 + 0.012142569063922132im, 0.003494567492065357 - 0.01198393768393032im, 0.004005899473266464 + 0.004653615063409094im, -0.0020229724150327825 - 0.0024404116859234985im, -0.0005461788445156299 + 0.0013475702524866095im, -0.008087118660015368 + 0.011051053263531061im, -0.004170895254128797 + 0.002131869375068024im, 0.011712507862888147 - 0.00866958794899269im, 0.026807182686456498 - 0.010974259129863165im, 0.004000532081071542 + 0.001009540868522873im, 0.016141055281689364 - 0.015264407877595943im, 0.002951549443143235 - 0.003289986492218859im, -0.003928625278383118 + 0.0010957555677362297im, -0.008640218011243709 - 0.00017282266529536258im, -0.0033424842766062264 + 0.0004562966207506174im, -0.002244904666297452 + 0.006803941906404785im, -0.00239793337084742 - 0.006377644907862796im, -0.00432347505621995 + 0.0015695423855019448im, 0.0005114651084295337 - 0.0010090450158997894im, 0.007235263117038967 + 0.01100769330494433im, 0.000127973542269512 - 0.0010414770473783485im, -0.021101337541333857 - 0.019496259871190004im, -0.0012254255157969859 - 0.009031231729007603im, -0.0050997369374215715 + 0.01052725525512913im, 0.0017805252998666624 + 0.006253420318529563im, 0.015385356784061083 - 0.005580470246257786im, -0.0019261432882273948 + 0.003168109464817544im, -0.0078001489200625095 + 0.0037769595501145527im, -0.002978947015476074 - 0.0029369950848190354im, -0.008752879081261291 - 0.007920467555573065im, -0.010823243445124094 + 0.003763165413215562im, -0.005556295112248005 + 0.010795176506167972im, -0.005116341050947321 + 0.005784889525414718im, -0.004196555128547752 + 0.01478727104673329im, -0.00704320360786557 - 0.012777172633245812im, 0.039023794340121 - 0.0026217417043668144im, -0.0005758477476451746 + 0.00025527725165111796im, 0.004966215432691735 - 0.009946468665676741im, 0.0005219268726463944 - 0.0013478079984140727im, 0.0004404885654909902 + 0.005758451502293173im, 0.0020789738192600418 - 0.003303232021371647im, 0.00015986877973773604 + 0.0015331215228655403im, -0.00029248030541361786 + 0.0005084452177882091im, -0.007390299426258938 - 0.002912447265692784im, -0.0028963883126005194 + 0.0007282594062676681im, 0.0018097828937103594 - 0.007924781168586406im, -0.005982989772677704 + 0.0010553219189473407im, 0.0033611143589602974 - 0.0017392227996010084im, -0.02803598948359441 - 0.019401749407736084im, 0.008830701567718459 - 0.002459691787615873im, 0.01232600702788485 + 0.003233755309036004im, 0.0034839689716146395 + 0.003898428997230406im, 0.003946698909169432 - 0.0007971581683459448im, -0.0005461788445156299 + 0.0013475702524866095im, -0.008087118660015368 + 0.011051053263531061im, -0.004170895254128797 + 0.002131869375068024im, 0.011712507862888147 - 0.00866958794899269im, 0.026807182686456498 - 0.010974259129863165im, 0.004000532081071542 + 0.001009540868522873im, 0.016141055281689364 - 0.015264407877595943im, 0.002951549443143235 - 0.003289986492218859im, -0.003928625278383118 + 0.0010957555677362297im, -0.008640218011243709 - 0.00017282266529536258im, -0.0033424842766062264 + 0.0004562966207506174im, -0.002244904666297452 + 0.006803941906404785im, -0.00239793337084742 - 0.006377644907862796im, -0.00432347505621995 + 0.0015695423855019448im, 0.0005114651084295337 - 0.0010090450158997894im, 0.007235263117038967 + 0.01100769330494433im, 0.000127973542269512 - 0.0010414770473783485im, -0.021101337541333857 - 0.019496259871190004im, -0.0012254255157969859 - 0.009031231729007603im, -0.0050997369374215715 + 0.01052725525512913im, 0.0017805252998666624 + 0.006253420318529563im, 0.015385356784061083 - 0.005580470246257786im, -0.0019261432882273948 + 0.003168109464817544im, -0.0078001489200625095 + 0.0037769595501145527im, -0.002978947015476074 - 0.0029369950848190354im, -0.008752879081261291 - 0.007920467555573065im, -0.010823243445124094 + 0.003763165413215562im, -0.005556295112248005 + 0.010795176506167972im, -0.005116341050947321 + 0.005784889525414718im, -0.004196555128547752 + 0.01478727104673329im, -0.00704320360786557 - 0.012777172633245812im, 0.039023794340121 - 0.0026217417043668144im, -0.0005758477476451746 + 0.00025527725165111796im, 0.004966215432691735 - 0.009946468665676741im, 0.0005219268726463944 - 0.0013478079984140727im, 0.0004404885654909902 + 0.005758451502293173im, 0.0020789738192600418 - 0.003303232021371647im, 0.00015986877973773604 + 0.0015331215228655403im, -0.00029248030541361786 + 0.0005084452177882091im, -0.007390299426258938 - 0.002912447265692784im, -0.0028963883126005194 + 0.0007282594062676681im, 0.0018097828937103594 - 0.007924781168586406im, -0.005982989772677704 + 0.0010553219189473407im, 0.0033611143589602974 - 0.0017392227996010084im, -0.02803598948359441 - 0.019401749407736084im, 0.008830701567718459 - 0.002459691787615873im, 0.01232600702788485 + 0.003233755309036004im, 0.0034839689716146395 + 0.003898428997230406im, 0.003946698909169432 - 0.0007971581683459448im, 0.0030193471819606557 + 0.0025728347858270384im, 0.004702209247465125 - 0.0011938373405974828im, 0.0060765867035679705 - 0.008919725285998967im, 0.013118566255323977 + 0.028626457821375125im, -0.009018271877088972 + 0.006456591749753275im, 0.0003557657882156333 + 0.0025503657590741865im, -0.008693967106562492 + 0.0009122907337056524im, 0.001999980491100174 + 0.0015339421726074678im, -0.0022066019040366276 - 0.02746821509501151im, -0.00017695239331458828 - 0.002481068815251396im, -0.004064040791299401 + 0.001011062112088318im, -0.0025255060599986565 + 0.0070093587808048915im, 0.009715297253062322 + 0.006204862627111309im, 0.0006937665913999862 - 0.002421165523163525im, -0.010138247572531865 + 0.005730192904537311im, -0.012833798865793016 - 0.0018531698961971003im, 0.006598766826637935 + 0.00036905565851825487im, -0.008961875108513234 + 0.005208173528067573im, 0.010728701014414617 + 0.0013057738242385855im, -0.014200018980048365 + 0.010666205943385777im, -0.007791585000866906 - 0.0014749677816259512im, 0.008041161684728695 - 0.013315673529307388im, -0.0002928990666290863 - 0.003504797815997132im, -0.014312303036051797 + 0.0038576120711805973im, -0.012603881562207207 - 0.010600000924968241im, 0.014914055954887203 - 0.009264841022689504im, 0.01732918446685509 + 0.022449805886042im, 0.006152463540067018 + 0.004574826974377107im, 0.0009559887896135678 + 0.000223356456283387im, -0.010891502814914094 - 0.0014833045381278376im, -0.010187364827976433 - 0.005357054677250321im, 0.014422778159775631 + 0.007165403361665275im, -0.0019218987350666222 + 0.0018331611334994507im, -0.002759522219253753 + 0.0010083018819668547im, -3.0410549645966218e-5 - 0.000289618855851817im, -0.0009037477910975578 - 0.004807699702502452im, 0.0034538710385281918 - 0.0009962191855316098im, 0.0002600452211132531 + 0.00368697649448136im, 0.001322919606094611 - 0.001035448452095746im, -0.007426814796444504 - 0.013747623484957639im, -0.001509989711764038 + 0.00187624782481402im, 0.0030137103245889323 - 0.0004161792106966949im, -0.004674303636222825 + 0.001806901326473037im, -0.04081380543653894 + 0.011252149904150051im, -0.00880997429760154 - 0.0010252744544836981im, 0.010051338536897691 - 0.018041714524400405im, 0.040860605217821436 - 0.008019043207825843im, 0.018083873358240944 + 0.018074268154628113im, -0.0028742447087642575 - 0.0011011507500773854im, -0.0072712617535723115 - 0.0058356065439036im, -0.00011443477097871048 - 0.000661679332403144im, 0.0026050731019813256 - 0.0079679121427392im, -0.009407812537347114 - 0.009980050116671104im, -0.0031807166827520442 - 0.009019351710597376im, -0.0016287142784140757 - 0.012880924923720082im, -7.440076594708926e-5 + 0.002093060798417595im, 0.03015001052899732 - 0.013870758485974946im, 0.029454183378946595 + 0.025358635967846557im, -0.0031878013095362587 + 0.006864910911067218im, -0.00979880812033203 + 0.004217085220941099im, -0.003614497978617137 + 0.007905879453700061im, 0.005774079512377862 + 0.005800711416104608im, 0.0075371685079239316 + 0.0006571453153194362im, -0.013737196513016267 - 0.004796280909630443im, 0.00917185716702844 + 0.005176758931838152im, 0.01945010560153008 + 0.027187009303919853im, 0.0018063626588353844 - 0.0017265630892671245im, 0.017522107924776476 + 0.016294008026281847im, 0.013401217235274437 + 0.004953739068235441im, -0.0037913418525798476 + 0.01483094788748859im, 0.0010779133148421975 - 0.009081729443326352im, -0.00022915079005166272 - 0.00181011796630824im, 0.00024025258200148248 + 0.007345388399001605im, -0.007642318273785712 + 0.0006320395851428087im, 0.00473282025981093 - 0.006807163234578185im, 0.03309242586987085 - 0.0010162998007514498im, 0.012239766008295537 - 0.02745027524796468im, -0.001202566085109929 + 0.0036492961079673644im, -0.015953971063479202 - 0.01975211317419548im, -0.0022313498285078752 - 0.011805177123701804im, 0.006911131616470444 + 0.0017475714245849317im, -0.005703686701029445 - 0.0037455450884444634im, 0.0016132768410866856 + 0.00013378962519366216im, 0.004189805141094675 + 0.0013231308132006575im, 0.0003737279435010969 - 0.00040117073192206436im, 0.010031902501164454 + 0.016181728866711126im, -0.0024501305379046093 + 0.0018511949399957297im, 0.0035674519346348865 - 0.002572102100715429im, 0.0038846760807439117 - 0.008584330854298525im, 0.007625048644932293 - 0.0019936092219181955im, -0.0013107343199903687 + 0.0006962291748319549im, -0.0016247132667288294 + 0.0692567502848557im, -0.030349618326695787 - 0.020042433351550194im, -0.002672685787489836 - 0.0075781278216065255im, -0.009794836796582898 - 0.0067184446363346886im, 0.00015108632009367833 + 0.0025259105623017305im, -0.0012056207495275374 - 0.0008988087569452959im, -0.013655103394619466 - 0.004387016948115416im, -0.0030782762212618275 + 0.0012923190351592161im, -0.0015909037571890695 - 0.002124571178423151im, 0.006423171612998856 + 0.003061567746937601im, -0.01786147420667806 - 0.013490158781038514im, -0.011898353766748353 + 0.011017482493955424im, -0.004536095296390856 - 0.012566886574092502im, -0.0121537103795435 + 0.00243198788634978im, 0.002117494995817531 - 0.006366776370064271im, 0.01969419679311733 + 0.007811312095765772im, -0.023484337544667735 + 0.04776273903211712im, -0.06732412982540448 + 0.017341013890882703im, 0.016474748467899782 - 0.023294655305312953im, -0.00035422269759859153 + 0.008004536213361708im, 0.051244299212618666 - 0.01396458029478898im, -0.005615281082278032 + 0.02246257833266426im, -0.004000730151496257 + 0.015017463775644143im, 0.010017333159747597 + 0.005157467589352994im, 0.007079401091427864 - 0.0039047911139017707im, 0.004527115913530089 + 0.005215421228471162im, -0.01820539571097268 - 0.021928991008065817im, 0.023582172662213543 - 0.01263567689703964im, 0.0010998515067160008 + 0.006057223936446695im, -0.0024574996412424846 + 0.0003006958450860505im, -0.0016333465241163097 + 0.0031117935029533663im, 0.007809777869273642 - 0.004994463640021237im, 0.004253646636594547 + 9.540301999441368e-5im, -0.003588319953387983 - 0.005360703237576273im, -0.00875015632479929 - 0.0852311757858907im, -0.00379423782811941 - 0.01098110353705171im, 0.009129094760139681 - 0.01242753615523326im, -0.0015781267053102822 + 0.024355723188559115im, -0.00838065746166012 + 0.012702184428510949im, 0.0058140622984320395 - 0.0006481781637568222im, -0.005195425291560563 - 0.002150977533275956im, -0.005003139118178822 - 0.02024708564052206im, -0.0011645980385787836 + 2.01858139635421e-5im, 0.011077790407788361 + 0.006902854321774801im, 0.011601776592485269 + 0.011450359700546127im, -0.029421952320574377 - 0.0180066472189246im, -0.015067024872991394 + 0.003847400484058192im, 0.031908315078916095 + 0.005446212043561937im, 8.623525799790042e-5 - 0.0011317528536316595im, -0.004409848556469352 + 0.010972121099499558im, -0.007790132554089364 - 0.009539909973559838im, -0.00048582243934512046 - 0.019307134306932844im, 0.0005087550774519019 - 0.005378240827549076im, -0.0015570477704755742 - 0.0017656124572405345im, 0.00024674398605426494 + 0.00027207482676248245im, -0.014924470826341412 - 0.015484757612871458im, -0.0028351315273099677 + 0.00937519977220525im, 0.003241337321547871 - 0.004292940025751431im, -0.001514199141109962 + 0.0006340321735314505im, 0.0033511690274863246 + 0.007836138522525404im, -0.009640085909132273 + 0.004361563679905228im, 0.01917971781205795 + 0.010990852494142214im, 0.032642182515449605 + 0.0015718734610100644im, 0.0023053244577596168 - 0.004193010816500562im, 0.05669043895584126 - 0.021669710118162808im, -0.021202394256979486 - 0.01181804362520335im, 0.0026784750003160727 + 0.01680297499598058im, -0.03882704910102456 + 0.02406923763045224im, 0.005716504904929445 + 0.013993811107287767im, -0.017505788712527455 + 0.013725693475238675im, 0.024447052452156007 + 0.027891458151357972im, 0.015620340410888518 - 0.0036164469558548832im, -0.004519702299884117 + 0.012379500491177687im, -0.0656958559467221 - 0.01639659639678028im, 0.0013265428561198302 + 0.00025196694993061784im, -0.006575805568466436 - 0.0553268914312627im, 0.01854319720196931 - 0.0029953026499427325im, -0.017013035598599555 + 0.0024928748469019955im, -0.007571809094192045 - 0.01476013091531726im, 0.0035023923787143745 - 0.006818234449996093im, -0.012530492330474536 + 0.011177668997121002im, 0.0054860080168087685 + 0.0032501156760667686im, 0.0036337955394179213 + 0.0009291392879812086im, -0.016849862958710198 + 0.09709183664279587im, -0.0005430884423009552 - 0.02220741182610613im, -0.005706221001906341 - 0.0015344683144218655im, -0.016358779622597405 - 0.008804569021405874im, -0.010092031464380433 - 0.0051841390843481916im, 0.009928612397316992 + 0.0015521649517845908im, 0.039180954675276235 + 0.004091477767178427im, -0.0022630193704629427 + 0.03517430768606771im, 0.0007876531185106368 - 0.024274610665573727im, 0.005153799980008278 - 0.002574419553221203im, 0.005710455181310672 + 0.013245084051890703im, -0.0029955517085598596 + 0.015403411569832484im, 0.006811901795302407 - 0.004105577911352255im, 0.00033168508145543346 + 0.001193438944019867im, 0.0015204681752524522 - 0.0031061719554386306im, 0.00011893186284603974 + 0.0022272007172870114im, -0.005192430667403309 - 0.00702381802117214im, -0.0227319732734283 + 0.0013287815039361133im, -0.0009765530216140678 - 0.0013849885882811952im, 0.003677579629972139 - 0.00016843353304526044im, 0.0005750718597982382 - 0.0046145894988176206im, -0.018701051780352872 - 0.027929157944069388im, -0.004985134671094424 + 0.00014015763372786795im, 0.019276500061429606 - 0.004058354524256023im, -0.0005170124648490539 - 0.0050951758397984725im, 0.0033568846888825743 + 0.00011740171886046697im, -0.0030114072840153445 + 0.002582949691299084im, 0.025219022655807832 + 0.02471287534372498im, -0.003950621177073776 - 0.004717637531145627im, 0.006791493879186405 + 0.004571542608172597im, 0.01116985488827358 - 0.010302950943897033im, -0.03301099794425543 - 0.001868402661045568im, -0.009755896945377656 + 0.003567447882280753im, -0.022440449561266687 + 0.004446808938425564im, -0.01198807802188998 + 0.0004996098771599734im, -0.003773619319690195 + 0.003422479381143402im, -0.036799498064391443 + 0.007104869859668878im, -0.013148976068835623 - 0.02217308383092488im, -0.03058929878412488 - 0.010808478369616067im, 0.07416410125413671 - 0.04838904220711731im, -0.001854100766407269 + 0.015169077847236931im, -0.03099779065836419 - 0.0501192270977288im, -0.009650361189115332 - 0.001987711200130408im, 0.006025600374074307 - 0.0014516767367190602im, -0.0015526421783683504 - 0.007456297162600107im, 0.026545091117281677 + 0.014538238425265563im, 0.010885371332301204 - 0.029853823970221162im, -0.009550525522911487 - 0.00346262364684691im, 0.006676385203076162 + 0.0022603796269627815im, -0.010751170915662524 - 0.03392939392330208im, -0.009794439597724339 - 0.019978371688358382im, 0.0076197659332763205 - 0.00309702388010287im, -0.0003387150939223501 - 0.0004510269268488195im, 0.0074802749542603455 + 0.00043648534332560977im, 0.018476833213955452 + 0.010185327626254962im, -0.0007537488282303917 + 0.000626785415040763im, -0.010173974559958549 + 0.007440629776116381im, 0.001758620450560804 - 0.0027029065875901004im, -0.004759909591141609 + 0.013028006148796721im, -0.012063997059005887 - 0.008219618451876456im, -0.014862968293805009 + 0.017896850379588145im, -0.0009819077436095788 - 0.002413058101851693im, 0.00021655847568243045 + 0.0010682112233617604im, -0.01405342607127227 - 0.031736389521957474im, -0.0030123587695870258 + 0.002318360136264933im, 0.003200720216994631 + 0.009005202569103967im, 0.014135148689704228 - 5.778381525322852e-6im, -0.000520227043757475 - 0.005673898053516585im, -0.003725380097701642 + 0.013734556472963238im, 0.0010628982184169543 + 0.0034661560668708376im, 0.0003723773653759668 - 0.006622663834600252im, 0.0028654285687601953 + 0.002829620490097155im, 4.25159052300287e-5 + 2.9978184032173157e-5im, 0.0021366534210778775 - 0.00488445208810227im, 0.0009859346681904482 + 0.004245784197230733im, -0.01126330984468721 - 0.026106073042210434im, 0.02267974295458426 + 0.0022903487483961625im, -0.0026643212391922067 - 0.007507748977605394im, -0.0028805329720708803 - 0.0014708061687001709im, -0.0037608368799005123 + 0.002236918619938715im, -0.026488881874671875 - 0.009292763880069561im, 0.0009222096588770192 + 0.004127685090833429im, -0.0012006616647735223 + 0.017863065935854745im, -0.009082513653780452 - 0.005969938461108041im, 0.0051633542792611 - 0.0062831943479349376im, 0.009898008277069725 - 0.0028581992720277645im, 0.0073644048926999476 - 0.025411735480399576im, -0.006456789767707461 - 0.003059366208202085im, -0.03699072514629761 + 0.00867850294818243im, -0.03602930687615491 + 0.00017319734914853185im, -0.015346027366473884 - 0.025252290923314314im, 0.000529302440091723 + 0.0015046146281188198im, -0.0011029981297193958 + 0.0023126657029971967im, 0.0029303679490939676 + 0.006297069609169038im, -0.009096771681611176 + 0.004565254256237736im, -0.0016333325100941348 - 0.01744175795160686im, 0.007812761042849828 - 0.005377264958962061im, -0.007560331233318242 - 0.004238682337467806im, -0.003745001548083116 - 0.023839258966825403im, 0.014713707194685562 - 0.006055197258441908im, 0.010111741044123766 + 0.0007341768173364934im, 0.00046824978256128976 + 0.0030868141056522753im, 0.059068079203684586 - 0.012169284292639916im, -0.00033230379903994954 + 0.0028045179207002455im, -0.006162580689985096 - 0.00675320993597149im, 0.006963366629001896 + 0.0032134098706675224im, 0.003233963995978846 + 0.0003318085251653369im, -0.006312356892205367 - 0.013075048343281657im, 0.0012814420697847178 - 0.0005444807861622435im, -0.001945967640330522 - 0.001083978152019566im, -0.008581653688986992 + 0.013353379426689814im, -0.014326407080986968 - 0.013379434609318236im, 0.005946234718646278 - 0.0062811752270924im, -0.009499201194822266 - 0.004142223538383102im, -0.000835181888527895 - 0.0035884104777178624im, 0.004206682176276473 + 0.009368590386898686im, 0.01537927432966009 + 0.012142569063922132im, 0.003494567492065357 - 0.01198393768393032im, 0.004005899473266464 + 0.004653615063409094im, -0.0020229724150327825 - 0.0024404116859234985im]","[-0.3936007861260502, -0.18431007304943753, 0.020566217799526592]","Any[-0.4824840029268242, -0.4427006092697629, -0.4329237766402818]"
