L,J,Q,θ,ϕx,ϕy,ϕz,ndims,T,χswave,χdwave,dχswave,dχdwave,Δswave,Δdwave
11,1.25,0.6180339887498949,0.4487989505128276,1.5757963267948965,0.0,1.5657963267948967,3,1.0826367338740543,0.17515649007397133,0.18187239313463124,-0.11594049580089719,-0.12244576058534394,"[0.01083350089373244, 0.03373785451410738, 0.028846618507995206, 0.03407504349043992, 0.009254649622080034, 0.035102110179093225, 0.03303401704951343, 0.0253542672054074, 0.017295963470696393, 0.031091340708895923, 0.031959551797939426, 0.02368510966158405, 0.022618281788098587, 0.019106612636347622, 0.029624695532555, 0.0351117976766387, 0.029816843388412343, 0.010735209724782955, 0.02627299469548365, 0.02363479911824387, 0.030270530471762466, 0.012869740996358322, 0.02225512857120529, 0.019924537117803332, 0.020356452862661953, 0.012249440965413716, 0.030467789270531426, 0.024769680519015694, 0.028981622904140445, 0.012305282193564573, 0.026176345443629862, 0.034944162793037546, 0.026121814837674423, 0.02934881877779144, 0.031357390706647, 0.012391498191956908, 0.0337482484443242, 0.033315149924168994, 0.014410856217141249, 0.02838828237285418, 0.030566885591741956, 0.03429369868064642, 0.008836065248071776, 0.03394967450694216, 0.014769111295379429, 0.03242044780937247, 0.02694326338696489, 0.029424697121319992, 0.012192899297851284, 0.018594236249708948, 0.01812408650003941, 0.024912281208393117, 0.023016647602710924, 0.0326491035508563, 0.02286024420197406, 0.025339717718460296, 0.010032151479792514, 0.03259358137480811, 0.0334869479162987, 0.0320858896639109, 0.016015484926490218, 0.02551146651428886, 0.02773285598763947, 0.014182489441194357, 0.02919351892395549, 0.023850460668916905, 0.02264876555200076, 0.03532239283658473, 0.03500958803782367, 0.010023327526709973, 0.03415911074844188, 0.02874068415276751, 0.034584922000328894, 0.009942039618507726, 0.02939323116365486, 0.028761961720110623, 0.020627492114857975, 0.01787336290285486, 0.029515272265548485, 0.019026521353199436, 0.024176041278298383, 0.0165710904302936, 0.021264062124677678, 0.034899821048229376, 0.032697162812323086, 0.024362810417421134, 0.014124384783514394, 0.0204485503497082, 0.032700097848962655, 0.03533692712824877, 0.019482157056174964, 0.024304498199113695, 0.026662353266030375, 0.027063352510978564, 0.009586039429426851, 0.03459991613464351, 0.02939162312173426, 0.03399664038253346, 0.011324815029169082, 0.03416383239245174, 0.00967257422524918, 0.025734074751889505, 0.0250618499817371, 0.02713207421693065, 0.01657103645210918, 0.03236187326879409, 0.029166345413969626, 0.013184933227337216, 0.03348311847712014, 0.031068428534451346, 0.02991104691736085, 0.03499939876835092, 0.018129964755134762, 0.019483827843273776, 0.0284731376851124, 0.020564810358898074, 0.027651405980463596, 0.017430060818913556, 0.01857136667503736, 0.01275973783926821, 0.027079540650400042, 0.019184106327938162, 0.030545145087616663, 0.037505655183127186, 0.02163973166949586, 0.01462182543666923, 0.02401847101165446, 0.031215580509048962, 0.03621265373931449, 0.033667442994271046, 0.030680324160537155, 0.018986729742235017, 0.014098172357071543, 0.03776880564308227, 0.03602481085862732, 0.03283959149049128, 0.027070104781610278, 0.03235915989281668, 0.019097200070475714, 0.015288483832086407, 0.03719412005290372, 0.03433880040882761, 0.024297675803046613, 0.03830802200110676, 0.03720606278734621, 0.012432851746615447, 0.022555754589204054, 0.03319563616158617, 0.03526000427693759, 0.016711458348702454, 0.02314154163776228, 0.03459248323312118, 0.02358660769467217, 0.0351767015302574, 0.03644877767155917, 0.032223404095046315, 0.023078365792124772, 0.02211421224295952, 0.02589990739319972, 0.02782335777970455, 0.03396260116187186, 0.03406808515083862, 0.02229612489963292, 0.013546057330193394, 0.021708666874261956, 0.028282669969436056, 0.019442679910219248, 0.03398327349663975, 0.0332239271552306, 0.022319659868755573, 0.01149796726521503, 0.035202537795683844, 0.037949516674141544, 0.03548695669775132, 0.020260024567209045, 0.03608179739239413, 0.015094247393005076, 0.0168684735981964, 0.03047634099489761, 0.02977518267891711, 0.029110076157982105, 0.030951555418589183, 0.035825685173024716, 0.01627875634390886, 0.02726243523761398, 0.036562930863073516, 0.0393359331214276, 0.03737926049655259, 0.028107355948467805, 0.026551608221709138, 0.016655004225293358, 0.02186504371754841, 0.036413820982456206, 0.029066946949355892, 0.016771358729075887, 0.017095373612971376, 0.03532194665150176, 0.03834976344309339, 0.033896750855940294, 0.03718608992687759, 0.03449093246422083, 0.014500338487386522, 0.03182624154312121, 0.03544459809768009, 0.026952000024462786, 0.03016214295150849, 0.03512569221589115, 0.0271703158682543, 0.012497705967485931, 0.02961398861316798, 0.02382533970804311, 0.035631955621253396, 0.04038560578810099, 0.03914781115202769, 0.016000119700017273, 0.015589553579758955, 0.02835676436897556, 0.03415442621149855, 0.02293027556875414, 0.020111804293501654, 0.028929376486750712, 0.015686551184043968, 0.015446245165065497, 0.04045473862414393, 0.03926501715643317, 0.03166896954208033, 0.019704940533283265, 0.03256912851240674, 0.02475760947135044, 0.02525523938689065, 0.032083269530634215, 0.03239576708924037, 0.02335154006210349, 0.03332247115294294, 0.03527492021757005, 0.017021233231246446, 0.035003040091800976, 0.037261829438961704, 0.03383106813447914, 0.011483182874914594, 0.023884766015531356, 0.03404973853935667, 0.021396717667688296, 0.027171564608151358, 0.03571726025350374, 0.018802316665584167, 0.01615431621224056, 0.020659673439325524, 0.02779373321981786, 0.035148044005519775, 0.03605808834067079, 0.02778584238599722, 0.01644126158424721, 0.012638342993163292, 0.03820508087750502, 0.037948948501522375, 0.03022289997319601, 0.023155670380548294, 0.02932210549546371, 0.02132739423972853, 0.013522966378446162, 0.036882269162129354, 0.03158770182657551, 0.027143131764933732, 0.03888879300751748, 0.03887001391011393, 0.011306318333489511, 0.025039244527589096, 0.03013398434049428, 0.03409000059113616, 0.014606061865186114, 0.025937339833711326, 0.033067633134556414, 0.02024158427898685, 0.033841083207767526, 0.03427262816700084, 0.02933669150479295, 0.02568825704218247, 0.01912411426590008, 0.0227309023075276, 0.030578368021115652, 0.03174089159008291, 0.0312336180858274, 0.019211666447577824, 0.014954198187490298, 0.018798733909056214, 0.0314047477424689, 0.016858782481317922, 0.03181391304679416, 0.03028109734035592, 0.02467743265745783, 0.010533289225642346, 0.03736176359653031, 0.03730495955102319, 0.03560711469287148, 0.017643611537821822, 0.036458639110584716, 0.013492501234882038, 0.018726030952828456, 0.02668957712278272, 0.02582703494017221, 0.025935006689187304, 0.03354694641694968, 0.03472277297012148, 0.014375225215870565, 0.03041778176270527, 0.03438793909001826, 0.039373449001622665, 0.0378848469688141, 0.024554685253026315, 0.023023387238300438, 0.01843610834257473, 0.018986837390189304, 0.03441910834703027, 0.02536605759557459, 0.018624923324196827, 0.01497297128181977, 0.03313531108826262, 0.03977246987317976, 0.03625046146772827, 0.035195243749029596, 0.0365999902396892, 0.013047536088075892, 0.03482096005158049, 0.03639698701686756, 0.023284853607579335, 0.02646849045178794, 0.034181770045460795, 0.030073448502312673, 0.011373557704695558, 0.026316995767533338, 0.020675408708952344, 0.03782463336465462, 0.04037780308922117, 0.03801982223234419, 0.014225927958565972, 0.017245339956206786, 0.024419625400401514, 0.031472975203515954, 0.0198985415029159, 0.022294975532702856, 0.02490920896720218, 0.017352218873115614, 0.013847597731243142, 0.04017915864075133, 0.03803555164790494, 0.034731743778348284, 0.017181911079665133, 0.030053976211842064, 0.0273132482192024, 0.02205136780453436, 0.028660005683636976, 0.029239103720586083, 0.020144855858044833, 0.03584656322641394, 0.03748934821036661, 0.015099384161935549, 0.036412012466528317, 0.03570873333370639, 0.03615484569900445, 0.01051793899776262, 0.026435520357943595, 0.031821399449823214, 0.010280747439644704, 0.032643321855487614, 0.02784790872843186, 0.03437604382389807, 0.008857155709220554, 0.034309797035608276, 0.03176494732941424, 0.024513351212947225, 0.01671427542270354, 0.02984813054340479, 0.031822620419791614, 0.02494074063532434, 0.02206213866882652, 0.01850720072010518, 0.028222965974890452, 0.03337230563929526, 0.02798040836617959, 0.010231586976926929, 0.02731031105339467, 0.022786005736616866, 0.028951947278801186, 0.012376853091688985, 0.021709551941747875, 0.019479930975853894, 0.021418434512530716, 0.011527226433578524, 0.028466624487940802, 0.02335128072678827, 0.029565953380251732, 0.011872903552412283, 0.025130790533782248, 0.03459533957995255, 0.025238403988096472, 0.028449324102242178, 0.03037831002384034, 0.011727561610933478, 0.03259768827799272, 0.03176924047050968, 0.013701655525328657, 0.027403421860174047, 0.02949348336556864, 0.034353783546026376, 0.008569171620160522, 0.03443473092362339, 0.014404555572771342, 0.03249106671855114, 0.02510580029890121, 0.027225285646482585, 0.011357727505488146, 0.019440791704364083, 0.01758845172506423, 0.02420445123581898, 0.022416574964337434, 0.03356033691435675, 0.02241178353767844, 0.026735819565476673, 0.009514491667653252, 0.03028889665307461, 0.031091659233864984, 0.03032497927665411, 0.015263479444115017, 0.02457731715718862, 0.028831075296890017, 0.013870366949723876, 0.02852816849382015, 0.02344799132900299, 0.022065564434168197, 0.03418881665501661, 0.03350834682780543, 0.009442491642723984, 0.03381183462609972, 0.02734164261231483, 0.03310644592844661, 0.009446413763776652, 0.030161391711153975, 0.02802549472618656, 0.02025150000063303, 0.017185484154647438, 0.028237862051778004, 0.018381729017541565, 0.025588702138005483, 0.01620654323484725, 0.020448638636077182, 0.033310830272618545, 0.03061817764018639, 0.022980638192321705, 0.013518657866680031, 0.021522880726405427, 0.030979806014360064, 0.03490399106912781, 0.019144134690333586, 0.024071634323153377, 0.02633390697638675, 0.028439391778844997, 0.009103225358146245, 0.03262547985296423, 0.02745030124327133, 0.03285601337883152, 0.010575361757191414, 0.031861596804536756, 0.009176153021258137, 0.027298171582432706, 0.024858618319495124, 0.02684598333858952, 0.016324564771301613, 0.0328070676954156, 0.027726953841966863, 0.012365672638978533, 0.03181977039306315, 0.02872092606050777, 0.027821937617548934, 0.034252144064734806, 0.017674657214325925, 0.01925078857778783, 0.02998536663814156, 0.019998223220174867, 0.026625473784018257, 0.016782865577572935, 0.01941724590925353, 0.011980495914485332, 0.025187262708092233, 0.02387715182245575, 0.024009098396765034, 0.032478951400024, 0.016326594395076933, 0.017950914630378775, 0.01817362634959966, 0.024667860451188225, 0.0324482821637368, 0.036248935737946256, 0.02514102220578006, 0.01475582673337254, 0.011168518374045752, 0.03581717054267692, 0.037281315978657664, 0.027602929563799422, 0.020592909959137817, 0.026919746281121357, 0.023721285743114467, 0.011964538855791572, 0.03461305995662206, 0.028542324477346455, 0.02930826519088076, 0.0365053862427286, 0.03732743068066467, 0.010182922314738718, 0.027747962820097186, 0.027836110955796467, 0.03245791097676049, 0.01300859369121508, 0.028115431669839812, 0.030504305983748817, 0.017530271932212446, 0.031080312885432403, 0.03078423659089482, 0.02615597970048229, 0.028311836476392772, 0.01742643918984633, 0.020782016639163837, 0.03263904356991809, 0.02878382686359719, 0.027891572239162218, 0.01659573582157546, 0.016361926893510494, 0.016136130709864225, 0.03279554888342108, 0.014973718231075624, 0.03009360936274448, 0.028396670721473994, 0.027638202019997993, 0.009660905781400593, 0.03691999047731995, 0.03438071354679667, 0.03350347400424717, 0.015114282637091088, 0.034160409917086125, 0.011803283366404863, 0.02099222796869862, 0.024387982431793947, 0.023566686145679965, 0.023820704842651152, 0.03494127399749886, 0.032210723167100073, 0.012620020829851891, 0.031925010134137045, 0.030583706270265028, 0.03610725583933523, 0.035692996536915746, 0.021645385382165035, 0.020620036259863094, 0.020796644660426054, 0.016854276824448892, 0.03177609716082099, 0.022510995780704604, 0.020856296960526925, 0.013223257195404734, 0.029627075982583094, 0.037650736686539336, 0.03661507080078526, 0.032236707554395345, 0.036510939446533046, 0.011465325250656815, 0.03543263146711493, 0.03546924427111635, 0.020771758051641193, 0.024013934803642563, 0.03269880940168027, 0.03211272682180613, 0.01024118397031718, 0.023951487314864187, 0.018150963654798458, 0.03688356977518104, 0.0365542242222442, 0.033909257224161465, 0.012410738098591676, 0.019326075733708845, 0.021903758743096843, 0.029330220859812923, 0.0180629523952324, 0.02513488140520913, 0.022562447373727, 0.019452778200888497, 0.012038120326553893, 0.03614039463122253, 0.033797763637850614, 0.03517384509867592, 0.01507379289941579, 0.027659669539766774, 0.030020580000368113, 0.020253471408909342, 0.026609146649951565, 0.027080631681243004, 0.01784670700211033, 0.035939865493016726, 0.03643476266629698, 0.013027293339664691, 0.03545394283515459, 0.03274531581605779, 0.03644745838463888, 0.009646348363054742, 0.02919701947437681, 0.030134766914089894, 0.017051160169767304, 0.03380600496897383, 0.037307596862180735, 0.024950051799679136, 0.013214116139205614, 0.028423971258114432, 0.034532652971714026, 0.03511596769411451, 0.02928931340532767, 0.03352180775748639, 0.022738903391528932, 0.015616735447464069, 0.03431465968769739, 0.031653512235668195, 0.035014599293194275, 0.03243306061446579, 0.03558022208532412, 0.016870430389337377, 0.017380797485547404, 0.0350820609451582, 0.03620776235166211, 0.02090410976133531, 0.03452922015982828, 0.032473696013130604, 0.013668093945951374, 0.0201176218156963, 0.036636040371226974, 0.035405234366799876, 0.019545970058943613, 0.019835056851633875, 0.03445748870190896, 0.027553041919911585, 0.03448707650583866, 0.03664091470352742, 0.034324372677657346, 0.02036706803913389, 0.026835867279301075, 0.030517922008019963, 0.024418968249035906, 0.03486329342461117, 0.035725161709297674, 0.025849178151334546, 0.012072492622736936, 0.02481875922360761, 0.023888227921233223, 0.023009521185396446, 0.03605909626292541, 0.03682761104532513, 0.02025068910994376, 0.012699673325482915, 0.030611329018520716, 0.03578976800478988, 0.032852178095642726, 0.02291120217650753, 0.03281899146477159, 0.0166578075824142, 0.015206296727844636, 0.035649745351826786, 0.035439201345045086, 0.033351257213488784, 0.027264846299575693, 0.03502385396229238, 0.018440242582358324, 0.022898372234810296, 0.036324610297161296, 0.03560531679672119, 0.034025040556865616, 0.03224973449712263, 0.031414602927997984, 0.015200420034322905, 0.02579118321214656, 0.03726705188159292, 0.03349338346443253, 0.015085003175764404, 0.019767677027683332, 0.03546903414231073, 0.033426491810041654, 0.029787387588766756, 0.03774082979758904, 0.03047083829097947, 0.015887466185300445, 0.02696374101522157, 0.032566557969339646, 0.03191539957556487, 0.03496849780384461, 0.0350268003388465, 0.0235449275730448, 0.013723501679327713, 0.03380326256453401, 0.027785302182879147, 0.030702110694561312, 0.03614223799723847, 0.036554518719059854, 0.017794758076044623, 0.014158063463128208, 0.03377264463746588, 0.03693158893475254, 0.027550333840024522, 0.018274105439513393, 0.03471219966718952, 0.014259366255799162, 0.016863150346657495, 0.036455250744250746, 0.03672636987425444, 0.026585737147668313, 0.02284272829669462, 0.03481698420505401, 0.022172513783707937, 0.03018666460239982, 0.036633767783986075, 0.03616262356580113, 0.027735352484486234, 0.02881994991404322, 0.03022071875436103, 0.018799587431863565, 0.03134799928792079, 0.03686210658904907, 0.029624325361269483, 0.01268542674104103, 0.021348527335796754, 0.036272526899560384, 0.011961671937202175, 0.03536477393370624, 0.030768102322103075, 0.032994982331888086, 0.010029124760923722, 0.035852356563052745, 0.03503841142004743, 0.027119133119635173, 0.018737700913272034, 0.033157284090146615, 0.03156990959411535, 0.021441446634323316, 0.02398106557485169, 0.020598056079021706, 0.03212007319273673, 0.037696296079926826, 0.033072114336483945, 0.011773312060264378, 0.02424668911273284, 0.025468451756005518, 0.03259158581940644, 0.013958587786975084, 0.023598210167978462, 0.02113940251824478, 0.01851500755326969, 0.013744311162326144, 0.03405121257044842, 0.027587774737824856, 0.027532901929642754, 0.013265523071433428, 0.028121205925340124, 0.03486965547816104, 0.02778745663462333, 0.030999737831145686, 0.03295684467260449, 0.013782200468522087, 0.0351013096394672, 0.03560275848011088, 0.015979165914718946, 0.030217276310544043, 0.03240675898917678, 0.033529730654729216, 0.009328113609611886, 0.03250619734795118, 0.015686275727300563, 0.03169484997382624, 0.03042854801348914, 0.0334546230095121, 0.013902309566836989, 0.017118735521026704, 0.019499469763200074, 0.026457183842473284, 0.024293390356058195, 0.03056451382208451, 0.023877706698981965, 0.022842028456731625, 0.011067069090160362, 0.03656201779598614, 0.0375604426597757, 0.03503480982118845, 0.01772417568997017, 0.027430216439585264, 0.025580560967756596, 0.014988083547521455, 0.030416814530151055, 0.024897046989225322, 0.02404249942399717, 0.036850600367892346, 0.037166330946576905, 0.011178371111211028, 0.034156290838849024, 0.03138513818609264, 0.03681933780486318, 0.010937844118321553, 0.027657968547347977, 0.03012861932728095, 0.02171561246736843, 0.01950283676923952, 0.031917892245543145, 0.020559873572862774, 0.021710240430738683, 0.017554412148410102, 0.023074855168180183, 0.03722831412706757, 0.03620123216814068, 0.027125203352574494, 0.015477317423376038, 0.018589976549721377, 0.035544529403133025, 0.03549142010702464, 0.020452162849085336, 0.025049302532070394, 0.027458602558159573, 0.024531845347995667, 0.010542977284263066, 0.037732749116562145, 0.032950063278589375, 0.035365223936773736, 0.01283894832492822, 0.03797305995897957, 0.01065249227728522, 0.022994275245042984, 0.025727124549692452, 0.027834086542899542, 0.01733020965709438, 0.031094395623765012, 0.031783558290990256, 0.014903031544090414, 0.03594892595966831, 0.03526313539049733, 0.033674023490429465, 0.03566600791272624, 0.019290223276464846, 0.020237932205424188, 0.025686752988362177, 0.021902642617197727, 0.029675176516215054, 0.018994738591971403, 0.01709718022510247, 0.014386797129866437, 0.030666158064671812, 0.02720220960456619, 0.02100000333744224, 0.02800953201552465, 0.014038797954698961, 0.02063390511839973, 0.016256635043729612, 0.021687433883498208, 0.028184725028149074, 0.034085177980007944, 0.022496003831222824, 0.013559058260448432, 0.009580323118117061, 0.030965593731371144, 0.03411539807358299, 0.02489318379091725, 0.01895350070125315, 0.0248762103059637, 0.026754747760544956, 0.010401835538214476, 0.03048023483191306, 0.02511628246726563, 0.03095144999376522, 0.03151673491673961, 0.03283612276280341, 0.008951212394397239, 0.031135438634488706, 0.025966906110526874, 0.03015873392859765, 0.011611805775120332, 0.029808484365155773, 0.027006845118133678, 0.015192706857361637, 0.027151772425200678, 0.026193429865177125, 0.02268215055730496, 0.03130620040620322, 0.01658906967928962, 0.019614318206482337, 0.03394084791707449, 0.025023191296007167, 0.024029411118150754, 0.01421683447208782, 0.018229231579526686, 0.013569239974320265, 0.03243559671122011, 0.013472098170923721, 0.02852867972217351, 0.02716276115929687, 0.03171543300853041, 0.008711161479227734, 0.033812761399003355, 0.029428303750758063, 0.029437150056498742, 0.012547424188145346, 0.02961163112801195, 0.009949018536269158, 0.02437278463354597, 0.02312689941699418, 0.02248555549076473, 0.022370248131583836, 0.03504247543280335, 0.028355773162675766, 0.010826820742499679, 0.03171848254670414, 0.025477934482157287, 0.03012738545229722, 0.03119099887226642, 0.01923390196345401, 0.019041638324717985, 0.024530874653697125, 0.01518827691100893, 0.028463603452571203, 0.020241544462007936, 0.024106040658468962, 0.011594775848144816, 0.025031697416884196, 0.032407092944197295, 0.03503175102956466, 0.028448975199959696, 0.034347713137414713, 0.009702884865346043, 0.03371105753294623, 0.032757828479259586, 0.019085182725301738, 0.022420773449405178, 0.03054192322369419, 0.033341530754484414, 0.008997133663959605, 0.022233982193377307, 0.016063023198821132, 0.03314219524490087, 0.029800007808886145, 0.02757191417356358, 0.0104554388858639, 0.02252542521459903, 0.02036633345261411, 0.027432974729222504, 0.017024297846983723, 0.029339417184160367, 0.02139362836941792, 0.0227314723394425, 0.009995814446782936, 0.029241430092893875, 0.027318333032759906, 0.03300447723134223, 0.013143289596945149, 0.025168094746143566, 0.0331569166470486, 0.019389795779371825, 0.02547585859611675, 0.025556750251040965, 0.016156186098005763, 0.033676655601831244, 0.03242686752136189, 0.010748656662745777, 0.03225642819147172, 0.028483437005566617, 0.03457161634925017, 0.0086967660864547, 0.032457436302191146, 0.028641754157824637, 0.0134493768385185, 0.03643037535195499, 0.033176176996608915, 0.031128311637162637, 0.010995392629817686, 0.03531542180909038, 0.036530911908350366, 0.02958229925224497, 0.021154963021999318, 0.03484038122367819, 0.03000285154534395, 0.01924779581195894, 0.026375453368871853, 0.02315532728972693, 0.03453773911684566, 0.03893483560222404, 0.03603333574862516, 0.013175595917069979, 0.021981564508440344, 0.028141229452811282, 0.03489292245279497, 0.015601598903551017, 0.026014946741062937, 0.02348774664032057, 0.016734326262341753, 0.01569346673138011, 0.03730546667994066, 0.030922520142308774, 0.025422103853936024, 0.014750418963950815, 0.030423433565665407, 0.033712066774696736, 0.02991804843184731, 0.033039090254756515, 0.034415591781240214, 0.015664220743382463, 0.03486044429284684, 0.03661745378181238, 0.018237132795588185, 0.0323000362058353, 0.0342743705900259, 0.031839842227547835, 0.009979438129387631, 0.0303945569149907, 0.017341826931114003, 0.029951021069256463, 0.03409445888690841, 0.03725535432377441, 0.016051888279000122, 0.01562198741090684, 0.02193442403197178, 0.02885696350687371, 0.026313877781188235, 0.02806055378188211, 0.025736674096476887, 0.020443549738603108, 0.012378833106484594, 0.03969477937565409, 0.040594866416976266, 0.0372060695845026, 0.02026841447961969, 0.029986428162770546, 0.023200786580346165, 0.016506894465458898, 0.03214484572689832, 0.02705117723793859, 0.02642846754734856, 0.03740505672094264, 0.038039235125782146, 0.012585473522701203, 0.03297303713724632, 0.03431707004684467, 0.0381022015115829, 0.012211988409030481, 0.02540583119106782, 0.031930385806676585, 0.024007353968859002, 0.022092366866338028, 0.034654700497002075, 0.02302700573932543, 0.01941506212778503, 0.01943997515854039, 0.025740383337087037, 0.038272988631437965, 0.03885272059123204, 0.030442608262170632, 0.017501412669559895, 0.016804285251587624, 0.03762272712474618, 0.03454699853412748, 0.02246340186837911, 0.027027196530890633, 0.029260521769853543, 0.022021532135722496, 0.011725620583732064, 0.039653713319735474, 0.03639813325538187, 0.03521678685135809, 0.014712550736832971, 0.040595527911715834, 0.011857049720300243, 0.020476618648825943, 0.02759936410486048, 0.029532096693139685, 0.018997364087059498, 0.02907776729337832, 0.03434922487362647, 0.01716325785465201, 0.03701134671760352, 0.03891295470169157, 0.037125434845645275, 0.035025447315594316, 0.021356902601308233, 0.022015439799358813, 0.0229800989402462, 0.024118105829328128, 0.03223784108186299, 0.021543599582460025, 0.015599846831675613, 0.016524744084686887, 0.03440446478162455, 0.015272968842888188, 0.035934686975637675, 0.035717934766608235, 0.028160816473812154, 0.012116615949500743, 0.03250763760939872, 0.0364663464063648, 0.03266665694277908, 0.024970248142445202, 0.03509644610208447, 0.026658611499446837, 0.01720057572257058, 0.030190641219738735, 0.027176434627170742, 0.03576162337146288, 0.03697457881740564, 0.03714624069584156, 0.0149966550541745, 0.01952741897178165, 0.031780693401361124, 0.03640373494467814, 0.018053128779900982, 0.03004362474084089, 0.027587868940975677, 0.015021232996189042, 0.0179957652495332, 0.03844137409831635, 0.03401022756230851, 0.022490465380117078, 0.01706463059382948, 0.03288847622668332, 0.03102365376005728, 0.0324926239546758, 0.03527372334358303, 0.035058950810664354, 0.018031932553054148, 0.03163470021221365, 0.03466817849825407, 0.021287853506867647, 0.034194421588592296, 0.03568192726560761, 0.02903480972959898, 0.010924966893464023, 0.027622541298133307, 0.02020999098071524, 0.026693487784814715, 0.0364240049547208, 0.03872777371040887, 0.01837916189856474, 0.014043518071573242, 0.025959996382145883, 0.03238644414797098, 0.029477630235809116, 0.02533715450782148, 0.029005035240318534, 0.01827688238816674, 0.013861498641174913, 0.03947666526757256, 0.039892040035846496, 0.036640742236919155, 0.023739577313710222, 0.032922089817354824, 0.020648519617837435, 0.019265881070700985, 0.034483119900249486, 0.03100545784949176, 0.030105461868812394, 0.03569248824119646, 0.03583419088075892, 0.014032996107966888, 0.02978284744850539, 0.036644138141817835, 0.03691027333260025, 0.013697964080490128, 0.022533008604313794, 0.034065719865824046, 0.02824734338622879, 0.025822151098507187, 0.03693486973181885, 0.026606837732397075, 0.01737596159933588, 0.02274994618647347, 0.02925035609137867, 0.03625655372782512, 0.03849044732105118, 0.03354269680583202, 0.020381975865662295, 0.015082290427626443, 0.03703066895051405, 0.03162566131511593, 0.026104064712541536, 0.03110194079354239, 0.032694050018817235, 0.019647619985144252, 0.013016003802849943, 0.038208313783983996, 0.03806495369308615, 0.03217138997062428, 0.016691468077892437, 0.039430155642549494, 0.013142347636064387, 0.018343562958614022, 0.03155515382294246, 0.03289355950093522, 0.02223092878727218, 0.026027122345510873, 0.03563801708703775, 0.019814785656065335, 0.03477919641434983, 0.039602814790480036, 0.03825754245790183, 0.031999722127051676, 0.024742544929214984, 0.02554266814110487, 0.020572936781277754, 0.027544287730459204, 0.03502733290715185, 0.025410180211737632, 0.014024848358633397, 0.019058665829918754, 0.03673274098701081, 0.02594390029511651, 0.02204444763968476, 0.029725082292942937, 0.014823776787501873, 0.019562548616550685, 0.01687049068928601, 0.022726053879279916, 0.02987510083926992, 0.03516814161229706, 0.02344662230632241, 0.013939705607109366, 0.01015720380078506, 0.03295156427503925, 0.035551572435427566, 0.02587783616240708, 0.019442538717006144, 0.0255852736300941, 0.02562310889774386, 0.010960069623347921, 0.03215791751558996, 0.026374143211707824, 0.03047064119006796, 0.03356192095858544, 0.034759822928323886, 0.009404900157673363, 0.029897811789798914, 0.026615674177206297, 0.031097158923367483, 0.01209302601576911, 0.029303375679884603, 0.028344224382260724, 0.015972473948216204, 0.02865929633185616, 0.027927776303914194, 0.023942856056083317, 0.03025422770139161, 0.016805465129658838, 0.01996202230312071, 0.03364479167768325, 0.026451425659320116, 0.025447642425488234, 0.015025614809084988, 0.017497198359849045, 0.014459352560388567, 0.03280844500239932, 0.013969577882223257, 0.029127014477124097, 0.027586287379296564, 0.030193732352646857, 0.009067491290345512, 0.03525120289783224, 0.03139466548488348, 0.031085014187536602, 0.013452585715544457, 0.03145206484234728, 0.010622764187915143, 0.02304364321864094, 0.0234955514057461, 0.022775310953808366, 0.0228433121127912, 0.03523541092389566, 0.029884838791108016, 0.01146819437012508, 0.03203431923917057, 0.027405930651383536, 0.032510505586953724, 0.03304257767782244, 0.020031799112778557, 0.01951830486134324, 0.02304040619752271, 0.015730273896498417, 0.029733716473018007, 0.02098590372310579, 0.02283524787411404, 0.012165032408851214, 0.026767691477719752, 0.0346013166099603, 0.035872845115134375, 0.029895046747874365, 0.03539151080654214, 0.010346990510510959, 0.03462895741322358, 0.03395330543847466, 0.01959711369795649, 0.022913184128370075, 0.03143380810007451, 0.03306723362001997, 0.009456073654194024, 0.022793554215950838, 0.016752295003442236, 0.034791437364932946, 0.032465687060599054, 0.030018671700284796, 0.01116341868320284, 0.021249224070040262, 0.02082116583312013, 0.028121442348134736, 0.017316726070068848, 0.02771508057093651, 0.021707297708871014, 0.02141907091083598, 0.010740873224643956, 0.03194506747446158, 0.029812687338394015, 0.03410318848133989, 0.013808247824324821, 0.02608985105546073, 0.03206417464667106, 0.019616743169299816, 0.025825054380305575, 0.02607099814949926, 0.016690598644002238, 0.03477823615543628, 0.03417805554391527, 0.011573435437585204, 0.033657428446399185, 0.030139552329373147, 0.03554192498974307, 0.009052848184913921, 0.03130974791175191, 0.02921303484477511]","[-0.0042225632807222965, -0.004630450606549207, -0.015214999930241151, -0.01044699339125033, -0.004026329649018629, -0.004048576929354194, -0.014270137406504135, -0.015280016799139878, -0.00837339211854412, -0.008476689599036078, -0.007464734112072043, -0.003458492984874523, -0.0032454542818001315, -0.010509888032065233, -0.010818757888940126, -0.014530835864178764, -0.01351945746811679, -0.0042289104077016595, -0.0033436556949480397, -0.0033720778881620164, -0.010373093049238013, -0.004980749275624132, -0.013425368868425564, -0.01231660830864704, -0.002394475474836332, -0.0028348623604584626, -0.005707370567672987, -0.012094343804666985, -0.004836060131056861, -0.004123539077640875, -0.004545385118138765, -0.00883638790367561, -0.010102959588705796, -0.011626101340103384, -0.017671984948294455, -0.00555351837124176, -0.0055034712354271815, -0.01097847350607487, -0.006557872852135147, -0.006449912148602243, -0.01707340397078144, -0.012487618709434987, -0.0034751522008748333, -0.0035978513426406585, -0.006027220220760672, -0.0057859063766022316, -0.008014520157816772, -0.015202408867842626, -0.006342161983058562, -0.002326997615569168, -0.001987708866249133, -0.011187838146976506, -0.012761327950977088, -0.007154801883778537, -0.006649665542872667, -0.0035495634911163042, -0.0032759616882468098, -0.0045522552928684646, -0.01755473847884011, -0.016361005832934608, -0.007472775891764004, -0.007408581260286937, -0.004652959577459318, -0.004144574699586569, -0.005749008668954911, -0.012735812961955346, -0.01115277588491668, -0.013086369567008654, -0.015577405235045786, -0.004917036194693068, -0.004307195716063313, -0.009717890711931737, -0.012957223096065859, -0.004086312534926315, -0.0034462273873948823, -0.005026854671651506, -0.012752026289391125, -0.0027890446042201783, -0.010604545744294576, -0.01124964362418342, -0.004043235856878569, -0.004275962098899402, -0.007029022710782315, -0.009890118519211065, -0.013918166088884834, -0.012483180166606872, -0.005894380516960314, -0.002956479202547095, -0.005214324279744219, -0.012460888238207762, -0.009212233143232055, -0.011501559249737699, -0.017717830813902807, -0.004309636914989071, -0.0032026901099445376, -0.00405605310245043, -0.013423057323745848, -0.010230388671596237, -0.004389994876085773, -0.016206032954883386, -0.004393177474618531, -0.003253576883598662, -0.004150406784509938, -0.017297123545983725, -0.008619847209986, -0.005928001477855003, -0.007778417460574125, -0.0055406884760686535, -0.005119168367062288, -0.013049384292575818, -0.014982024589033806, -0.011722924961994754, -0.007897598397400887, -0.007484406940810197, -0.005436744474548117, -0.005338221449997013, -0.011560759610130946, -0.010178813402854366, -0.002067794100505078, -0.0022629752519840616, -0.005899025558095025, -0.005379735188395064, -0.006337960260368659, -0.01877566417250616, -0.01158021253383383, -0.004490313574985943, -0.004262277464760794, -0.013379286583880191, -0.020632814934167746, -0.0205679152043316, -0.014218304779564364, -0.006471114409771496, -0.005555307923178439, -0.005513959542274754, -0.025481524378792312, -0.022264601054309604, -0.014501731731469333, -0.013895521195334595, -0.0060380484160079744, -0.00464886503869456, -0.004592939838803011, -0.016944079044705802, -0.009344024534120445, -0.029760559703358815, -0.030276282138413175, -0.004852233609865227, -0.004591072590313866, -0.00898373868667072, -0.017771916852814915, -0.005592378454145699, -0.005840047271710783, -0.009266005853185036, -0.009920218309757927, -0.0109933325866554, -0.013120888810852709, -0.023557151206857453, -0.00958873664940593, -0.007183608276723355, -0.008258531457566961, -0.009328950838143966, -0.013320699027597211, -0.023047394045145927, -0.013074413880585552, -0.0036901560428702343, -0.0038908319302149077, -0.01602568717980089, -0.008438078906857415, -0.008162474223731843, -0.021026020510433344, -0.009502609379744599, -0.0038451238979614263, -0.004178310544222593, -0.025963241462804876, -0.02825351926845014, -0.008318144096455905, -0.008675243201052087, -0.005614733626962968, -0.004493857400507442, -0.005124261065249386, -0.01737460883056521, -0.015360365894755456, -0.013045636914910962, -0.015646734406961963, -0.006053646428713172, -0.006472550525897995, -0.012848165587342924, -0.02299704467358217, -0.0302421094647392, -0.017872433440021682, -0.013689752851150936, -0.005375514025034493, -0.0050480328440971, -0.009872309703852307, -0.014115790937919148, -0.004434317124239172, -0.004349744464161335, -0.005699409210026965, -0.024188658124245154, -0.005487178985731172, -0.022500780540804653, -0.02387287930632602, -0.006653952800892643, -0.0072679351860535975, -0.01944036681802327, -0.01420071965985827, -0.012146935717053784, -0.017246190403310192, -0.013113227774090878, -0.005137886101267062, -0.006738406240695054, -0.011184594017294444, -0.012999333362080057, -0.03156534879525023, -0.03500388281452271, -0.006531939032300527, -0.00412078114205511, -0.003954026825464777, -0.013489692532956812, -0.00976526193008786, -0.005704538359959479, -0.01602203641456819, -0.004406390424548718, -0.0043437960733748015, -0.006950901289653476, -0.03347514791892437, -0.022184982160727427, -0.008792182076241637, -0.00789724112008538, -0.00913317689570012, -0.007525128198510175, -0.012201246430493048, -0.02047694610516356, -0.010803046357482471, -0.01168387280171024, -0.022148879356682943, -0.008470496509853608, -0.007185182392958789, -0.025050137432803352, -0.02221864498251846, -0.0043444830651698735, -0.0038811150805060936, -0.010188028404092254, -0.005191200207518824, -0.006032293670106614, -0.017551868075454464, -0.010988715144171319, -0.004020044013465797, -0.003909166817830535, -0.011523491942461694, -0.018996437403184352, -0.02124811142931318, -0.014491745705587202, -0.00575404738111556, -0.005556172217300901, -0.006127672674658367, -0.026382507171344237, -0.02254683265737299, -0.012450086075450402, -0.012185501056701797, -0.005981902587848873, -0.004441696424952572, -0.005002753455639367, -0.01709587291305491, -0.00966972338391996, -0.029677137128280143, -0.031101831207304562, -0.005639805509721364, -0.004519309676842008, -0.009010001167563461, -0.01703537628266782, -0.005389983979943178, -0.005794089962833472, -0.00946782796711953, -0.009491509155826226, -0.01011814852776558, -0.012117311120512331, -0.02165348722316092, -0.009387769401184524, -0.007076551177148, -0.00672879131159854, -0.009378452482362574, -0.013460734276264527, -0.020973355099446693, -0.0116327726681582, -0.003346476035183773, -0.003467105363314229, -0.016870225898447038, -0.008607978629212825, -0.007223209813684024, -0.019348971127362027, -0.009293032269183531, -0.003797649487316942, -0.004824293370839531, -0.026432664573565766, -0.02802725627561574, -0.008014872157607905, -0.008987391165392985, -0.00644195394061831, -0.004162767336802471, -0.004986217886799418, -0.014656847439033624, -0.012606489004898379, -0.013309215622368075, -0.016153105868786787, -0.006130102159396939, -0.006622259531334965, -0.013259476737789022, -0.023353387805907018, -0.031385261771995125, -0.01706944289425878, -0.011635218885241234, -0.004976403921534065, -0.0046659001988011385, -0.009176591524637727, -0.013105053084740964, -0.004188774156373007, -0.004073062886524118, -0.005776781698269386, -0.024391794237894785, -0.005991656077975783, -0.02293754623326637, -0.024202909262696224, -0.006974257875716463, -0.007676547144133462, -0.020828526096768826, -0.014040087331209207, -0.009990256778407255, -0.016203955525649114, -0.013746474622075861, -0.005321386806440254, -0.006486020077437452, -0.00969630388216628, -0.013038972843612367, -0.032610530277145416, -0.034774238006174574, -0.007198545560974544, -0.003757779499882626, -0.003788120150079918, -0.011985393807065835, -0.00854378875956228, -0.005552492833249964, -0.013677397546645282, -0.004265985721723195, -0.003951717916085236, -0.00788541766195769, -0.03337612843366851, -0.02279457832634938, -0.00905867965312461, -0.007235656318822808, -0.009193486301323271, -0.0075930357651866716, -0.010133735575418058, -0.018752923735869773, -0.009114669102236768, -0.01196342156041692, -0.023747533561540815, -0.009033068645570727, -0.007211007278343486, -0.025070314222234536, -0.022571908911717897, -0.004888394203965838, -0.003927026475850529, -0.01022826223405118, -0.0034605369755779927, -0.004016520220475738, -0.013051730347744712, -0.00900159602562782, -0.003511244507115291, -0.0034338593779064098, -0.011923948184402074, -0.01309306626135185, -0.007740291646964445, -0.007561399336535706, -0.005991979073744816, -0.0031114054225433257, -0.002806445823231186, -0.009701532775155444, -0.009594813735057264, -0.011420258332735776, -0.010644410323128614, -0.0036504544293714815, -0.002934990688038257, -0.0029054458085222075, -0.009224902484528277, -0.004496134979417004, -0.012292500245658268, -0.011496594995011492, -0.001997312293049612, -0.002522416113498053, -0.004763628746178341, -0.009891109781385975, -0.004053997745238775, -0.0035482246741903515, -0.0041214614297764495, -0.007485242112938808, -0.00851564990458057, -0.010184786128246229, -0.015416813934381435, -0.004869368488846079, -0.004433467554277694, -0.008510063164663415, -0.0054519619036067606, -0.005734948009762493, -0.014755353797863377, -0.010766153139694439, -0.003070000531295082, -0.003224611193426202, -0.005679510924260115, -0.004967438836390355, -0.0065005911037867735, -0.011794566408792178, -0.005047855944877493, -0.002022491926335627, -0.00162501163345772, -0.010268136080427419, -0.011623119529124652, -0.006280923244200798, -0.005913504094036886, -0.003129661895476798, -0.002958420216621037, -0.003796967835887387, -0.013221196159762536, -0.012194070310450129, -0.0062434563817903715, -0.006527712586813813, -0.004036246150946098, -0.003662797378957765, -0.005421829237672728, -0.011902680618855677, -0.010661524774322733, -0.01126361496823165, -0.012797334215907329, -0.0040387303955546705, -0.003576548798359543, -0.007971650812160686, -0.01056439761546325, -0.003442701627062999, -0.0029362895221330186, -0.004182336009470229, -0.011923809972587827, -0.0024811393949188856, -0.009531596324137727, -0.010064818021358559, -0.0036427301368997713, -0.003881923044676667, -0.006496369102055516, -0.008137345303313047, -0.010534405226984803, -0.00985745663277722, -0.005093487205760005, -0.002658077098483917, -0.004292652461605391, -0.010371687665754626, -0.00799613401831993, -0.011123711056805683, -0.01682173476821665, -0.003749517321536455, -0.0028653199294874704, -0.003352180358158759, -0.01041557003044403, -0.007952729330363867, -0.0035540017312344742, -0.012264448781530535, -0.003635226912671153, -0.002979418397168888, -0.0037031610597178595, -0.01642211958224357, -0.008284302953765355, -0.005166362320629189, -0.006623205230282826, -0.004664065743411474, -0.004144802224153773, -0.009771355213319906, -0.01159879661777614, -0.009191108242178845, -0.0067290394823924776, -0.007146349442332323, -0.004933999728125166, -0.004789610627436154, -0.010384085026933257, -0.00919464391708526, -0.0017595434759516543, -0.0019881254271706668, -0.004794331820611711, -0.0034743045461099013, -0.0035936723568941106, -0.011089293100508, -0.007142832225939783, -0.002402288266470752, -0.0023157316118853147, -0.007608427442039994, -0.011786636061694717, -0.012028490573681922, -0.0085597763659126, -0.0040816786244368625, -0.0034500589119141906, -0.004174727702563339, -0.015037719698637191, -0.013207354223562902, -0.008650077705021249, -0.00878801091894667, -0.0033721945119703743, -0.002839787231327036, -0.003467264176707744, -0.010278963879635207, -0.005357969713539331, -0.016798323456118043, -0.017760835419839163, -0.003889092085888281, -0.0029766657896503072, -0.005588807029732723, -0.011547695315308032, -0.003866652845710866, -0.003690241473339296, -0.005326632626591649, -0.006305457019233907, -0.006499891919716994, -0.007722662161363502, -0.013377452565736187, -0.005689615096610316, -0.004780149849210243, -0.0050141637202758774, -0.006096990909164751, -0.008119056465241378, -0.013157705155452845, -0.0075380515472464864, -0.0018997295832967236, -0.0019616131623420474, -0.00925649015573704, -0.005317092598906148, -0.005247593060862329, -0.01412997773250673, -0.006270982305066592, -0.0026715467405347905, -0.00341438108142272, -0.015566053105671397, -0.016033721773550235, -0.0050233795140893185, -0.0056183104710333795, -0.004223003936240308, -0.0025831195685297537, -0.002793678882021818, -0.011211995230661582, -0.00952571561885229, -0.008474182558736445, -0.009700528284000835, -0.004197983770158952, -0.00405366846317811, -0.006916633002275885, -0.012892602820656102, -0.016513541253485704, -0.010197404253497785, -0.007752723729526893, -0.0031045430163754643, -0.003017734058967999, -0.00629711603004746, -0.008923864963017631, -0.002461981790111599, -0.0026598960527785412, -0.003902414165641353, -0.0132706244260096, -0.0038691536958405433, -0.013065366011778441, -0.013678217861409714, -0.004314767608178642, -0.004629629824365661, -0.011660696228538929, -0.009079001590690543, -0.007389175891427241, -0.011268074319192882, -0.008256997798237945, -0.0033833558940552367, -0.004101373473320226, -0.0064437065710715, -0.007647239567587612, -0.016518682199125213, -0.018325711402014486, -0.004639201235903236, -0.0023348229211604585, -0.002140980747093723, -0.008755740552539627, -0.006212095979773534, -0.0037345770494233545, -0.010384039492467858, -0.00235815916499276, -0.002392882694528098, -0.004996865614615762, -0.017684021010518785, -0.011536483030393665, -0.0054094769342934185, -0.004864714211304678, -0.005769959916905886, -0.005100759982192371, -0.007691591995808555, -0.013633631287863456, -0.006630667093258498, -0.007351020462697919, -0.012878864127056099, -0.005420214615755769, -0.004434573456215154, -0.014304392386110197, -0.013236567606090844, -0.0033664810789168645, -0.0026989814722407695, -0.006689610253760364, -0.004021239109010185, -0.00409395229580251, -0.014107254144268453, -0.00907325785971077, -0.003228469917799517, -0.00304807774376572, -0.011810549660586388, -0.014998229522949208, -0.01058176251966484, -0.008305330882881204, -0.006301039768990309, -0.0034890647464250486, -0.0036065240592335263, -0.013272437518816883, -0.012831212013336733, -0.013821019607355713, -0.01305780402724076, -0.003529952330754954, -0.0032208276464079297, -0.003170373884104047, -0.010160808842793967, -0.004810571487589489, -0.016438778529098093, -0.015852344146330563, -0.0029870947296826563, -0.003101853041375894, -0.005651527911481293, -0.013216915014992486, -0.004669902347734872, -0.003947997704515978, -0.004904037016503777, -0.00766736910357985, -0.008757971025263558, -0.010054080409172802, -0.017068789197873524, -0.005864043022490775, -0.005313121215243556, -0.00927646060762845, -0.006341264482569373, -0.007654069840896929, -0.01705019413846369, -0.010642807980350423, -0.0025327162975138677, -0.002666586325096742, -0.007693350964868619, -0.005445546292870608, -0.007665902267524755, -0.01789435301874727, -0.00681089542120144, -0.0027725485430615177, -0.002611926331128897, -0.0142432330799118, -0.015815375597604972, -0.005922429423240514, -0.005610905791948592, -0.003366562040203786, -0.0030675870995681568, -0.0032289515072091665, -0.018072505726607936, -0.016754450012281787, -0.008383694452883452, -0.008782196759948386, -0.004528761767915804, -0.004009731182976652, -0.006105462851304097, -0.012242450132973419, -0.014140976621088467, -0.012128419378922223, -0.012657199179671268, -0.003955369938793591, -0.0038314003814339513, -0.008674222504282379, -0.011934950867421157, -0.0030296061913037474, -0.0032090435563511864, -0.004475767577304386, -0.01275234033799279, -0.0032321391643046287, -0.012013173663809756, -0.012862046753911333, -0.0040077977857641625, -0.004146841906512243, -0.009328716308445688, -0.010110851747745266, -0.013146654457013551, -0.013809688301287117, -0.00723664218775961, -0.0031373156717672784, -0.004600749774320208, -0.010097214351683708, -0.008204615592858568, -0.014217405271207099, -0.01785951530594817, -0.0041522698667261744, -0.0028916874539554106, -0.0026575845798618063, -0.012796554839255157, -0.00978135619894751, -0.004212715957982344, -0.016309708054156564, -0.0028406605389768307, -0.002932274826385647, -0.004046981410081538, -0.01714999967385283, -0.010139244076371245, -0.005420956959269282, -0.0066619708463859315, -0.005648457517299479, -0.005249984302228423, -0.01331083383736244, -0.017465307817063222, -0.010932194921903716, -0.007562837989417201, -0.010121416656821314, -0.0048841100586029095, -0.004629601329308525, -0.01388023091483861, -0.012209902760005782, -0.0026568990174982944, -0.0026467991326531897, -0.006722342507848497, -0.0041033116622231774, -0.004026323056896234, -0.01371876159569767, -0.009465838046202442, -0.003461343825202548, -0.0036342657696796362, -0.01334009804642382, -0.013652313454740536, -0.006647539687434258, -0.00718819189492705, -0.00770185444684378, -0.002857066201852747, -0.003008833274691932, -0.00842952588775338, -0.00930981057334175, -0.015202779306515745, -0.01415607650608149, -0.0036999744716329974, -0.0028954342327609482, -0.0031167867561865082, -0.008839007330830772, -0.004099870855561317, -0.010711533932304423, -0.009627064113011853, -0.0023473751787797827, -0.0024412667193994975, -0.005400038050417944, -0.011974296226736198, -0.004675653933557531, -0.003688019588638963, -0.003727744065181912, -0.008192141927501412, -0.009347999293875926, -0.010041673470822646, -0.015283751622918573, -0.004758343133216579, -0.0055214618871310345, -0.01192496009991705, -0.006308819296924366, -0.00547571297627787, -0.015076162072188563, -0.01107574578674867, -0.002898118442526715, -0.0029132070648144933, -0.0046722972073715745, -0.005177129182581065, -0.008041186438560742, -0.01623565797771865, -0.006475264896133481, -0.002141544200716644, -0.0020106322948845404, -0.009028282705406721, -0.010282157368292532, -0.0060339530487953956, -0.005572551566258583, -0.003132631660968149, -0.0026733636633682416, -0.0041605147938817595, -0.019586144387435143, -0.018637903678021046, -0.007195758717708074, -0.006477538117550168, -0.004258118097751008, -0.0035355255956891108, -0.004298736064075302, -0.009555583645828399, -0.008099358961120053, -0.011553571276695122, -0.014980985790017698, -0.004663759461205101, -0.004090029530438899, -0.00970212605274324, -0.012881361481649454, -0.003732390899753663, -0.0031315546850840645, -0.004942914412315723, -0.009521640109021366, -0.0023849986728161038, -0.008678245236269594, -0.009282156833326286, -0.003255870133392563, -0.003382157719285714, -0.00572424706679335, -0.00968661713562402, -0.015406840413454794, -0.012925200006239326, -0.005363183396900057, -0.002462917425089391, -0.004944735752775481, -0.011784925592914062, -0.0080283599425561, -0.00796949501331033, -0.012372362193380771, -0.00392501104209911, -0.0026483341450908937, -0.0037759972892062047, -0.014309505436033347, -0.0111058016421402, -0.004374055194779794, -0.0178697148176928, -0.004042981795251685, -0.002564716066145762, -0.0035816337558908997, -0.01210595781659583, -0.0060612617449248615, -0.005161405231440379, -0.007187753570492153, -0.005141433145465127, -0.005137487649439296, -0.014882847314312067, -0.01593665347070842, -0.012273952828904526, -0.007240236495540241, -0.005706962967792344, -0.004289613316663676, -0.004256780874840694, -0.00951559559328886, -0.008346968699962192, -0.0019591404138369017, -0.0020355583305944596, -0.005854003524255909, -0.0037192182500156547, -0.0035798699009510914, -0.010397028733210535, -0.006801508937148217, -0.002423294445124681, -0.0022339993047950524, -0.00764341688859182, -0.010569677243808057, -0.009155901703689965, -0.007209540637032763, -0.004708052864381614, -0.003083522295639194, -0.0037576372639885657, -0.011947955748619024, -0.011071677899651619, -0.009964801101067568, -0.010457797047362638, -0.0027165148804800076, -0.002760252804472219, -0.003361356889798616, -0.009008622288015853, -0.004502296177836437, -0.012497533129461114, -0.013271246324614605, -0.00353013077107566, -0.003116604648432799, -0.005613055726856439, -0.012366804870950847, -0.004221216346264853, -0.003295884317600163, -0.0042757383916340735, -0.00622310741841774, -0.0061506970003060955, -0.0067038941095461605, -0.01137595219174427, -0.0054353128401277385, -0.005074713376469837, -0.006477108249039524, -0.0060300788793251165, -0.007134936708011158, -0.01137558438245658, -0.006791421810165157, -0.001640713788715669, -0.001722975649521474, -0.00707705967302415, -0.004587103430197636, -0.006131089258002743, -0.016777307751914168, -0.006992873954948774, -0.0030895944124907514, -0.003267586419120044, -0.012163436011034473, -0.012065834903971197, -0.004374865205879784, -0.004735425890194808, -0.003609404386829148, -0.0026594833255609647, -0.0022116446448529653, -0.014670155503383936, -0.012594605710058068, -0.008364927681313845, -0.008970053177224331, -0.004027948552760973, -0.0033998611800264682, -0.005159936689500277, -0.009485231909240523, -0.011240277229312558, -0.009104697534943551, -0.008412396322076651, -0.003310869258476335, -0.0034014685880389608, -0.0070577048914408766, -0.010011401365099601, -0.002482364155165861, -0.0028875730766447978, -0.003848393880438228, -0.00958514846816043, -0.0036100712291960366, -0.011015717439606247, -0.011515507878493295, -0.0038760466206974992, -0.003829785018788643, -0.009583753856566781, -0.00945419987552704, -0.009674789508952935, -0.013034358259548387, -0.007773611787272065, -0.003183068602471208, -0.00440185555958922, -0.006919519456167619, -0.006556890548656072, -0.010789280591564553, -0.012086806479134926, -0.0039144639941605395, -0.0024992822405123585, -0.0019487448077961835, -0.011064453476090324, -0.007860729724414215, -0.004217542108359164, -0.013580724400319343, -0.001892848853964265, -0.002496452954664158, -0.0039933430551024355, -0.011712183778388717, -0.007806388357223127, -0.004516610753173825, -0.004981109981574967, -0.005971631701036367, -0.005520010563193649, -0.010266520914401833, -0.016285548501950655, -0.00813647264674403, -0.0067058628862143015, -0.009724736284640998, -0.004261301158860301, -0.0038508896436058476, -0.011507848813191026, -0.010924995589793767, -0.003244893656923046, -0.00292900506991467, -0.007120908390337984, -0.00656985602973715, -0.005908698305671676, -0.021676800576572963, -0.015255817425167592, -0.005149051340980687, -0.005345328788652709, -0.02133973168633323, -0.02097946031249737, -0.009258473422745748, -0.010539726999429525, -0.01357430342466743, -0.0042382609113232475, -0.0049155274959012014, -0.01188176549487015, -0.014024706898335758, -0.026412353307426077, -0.024503045610040346, -0.005101728564211658, -0.004338679689751065, -0.005263058347391653, -0.013145011859542317, -0.005717458499971563, -0.01486426455334801, -0.013042969291714843, -0.003967992478745389, -0.003875626938235749, -0.008163783090143654, -0.019577076480211307, -0.008051361896984598, -0.005512547222942405, -0.005050082124745952, -0.013011309527094296, -0.014640180663285719, -0.014940978433332436, -0.022659075693631157, -0.006887857371260477, -0.008942889464777252, -0.02134479064732564, -0.009937937732698795, -0.007813666118477362, -0.022332926798507985, -0.016551158029478142, -0.003976749105404214, -0.003988531227402516, -0.006328271995416522, -0.00787866927351288, -0.014169336214273354, -0.027879523804375403, -0.010314968274595637, -0.0036044427682512857, -0.003494019232176311, -0.012376365152337872, -0.014196948828282884, -0.008916564079689833, -0.008265532121002998, -0.005144023680186707, -0.004020265440109145, -0.00590142590996998, -0.03530115851519811, -0.03459192502057899, -0.0117292494821274, -0.0097041032449844, -0.006999006487216389, -0.005226094261840036, -0.005740892661587502, -0.013042107732750368, -0.010914616354369498, -0.018254684229313246, -0.02536101829968584, -0.007204823852085587, -0.00659673045782346, -0.017199093326618065, -0.022169486841177567, -0.005577619969425453, -0.004922357036132036, -0.008572867048295015, -0.012976808437512005, -0.003933427650408131, -0.012646187594095542, -0.013671609345977347, -0.005094830023605975, -0.005045764325331293, -0.008342522588680974, -0.01636954895205911, -0.028493328325612674, -0.022505341275026004, -0.008283321515825743, -0.0038745709416840414, -0.007637640438591849, -0.02012511192782225, -0.012540295534638899, -0.01038721607670666, -0.01595428644041966, -0.006456805070459798, -0.004025068022304179, -0.005572703650246053, -0.025660105393549217, -0.02075176510807366, -0.007242643247956144, -0.032252811502768826, -0.005809096880742907, -0.003821297814096067, -0.005700181156593388, -0.015583474034279917, -0.007874727853763641, -0.007837015216088641, -0.01207426228534131, -0.007895874434545154, -0.008537511726650975, -0.028103023347728948, -0.027663131746329155, -0.022071224749031542, -0.011517936322150748, -0.007871037749129225, -0.006217119817805032, -0.0063342396170113745, -0.013660726544104804, -0.011834018207903018, -0.0033599713123021674, -0.003378055933934749, -0.009307591136121875, -0.006444492090529263, -0.005793429969771184, -0.02195641567526488, -0.015076631540491926, -0.004951807762891279, -0.004856621763231478, -0.0204957912099466, -0.021717417013613204, -0.010920944484519182, -0.010833476524466595, -0.012698553206111155, -0.004558946939219382, -0.005233635043732802, -0.014050442473322676, -0.015616266975981974, -0.025715106573264923, -0.02395745813848811, -0.004666233586356773, -0.00451866288151153, -0.005242741972157909, -0.013562229979870284, -0.00575996061541103, -0.017475596564433846, -0.01582747769063182, -0.004268426829999789, -0.004311540071090325, -0.007964600982564487, -0.02015762438240181, -0.008092529489430308, -0.005554558077448879, -0.005400387100961355, -0.012638979348116143, -0.014267201862821113, -0.015030529128547927, -0.02371874931798451, -0.007369946354883128, -0.008595036547106976, -0.019730110101471045, -0.009624945067435303, -0.00878768008196585, -0.02352518160568591, -0.016396191163639044, -0.003684539476612074, -0.0037870113596388446, -0.007537195836218928, -0.007808757059878356, -0.014110189842344502, -0.02916514101005168, -0.010272922564065142, -0.004063315136194122, -0.0037756651518222354, -0.014751439145514468, -0.016704151901807848, -0.008838348444620496, -0.008206492223368968, -0.005174279505284224, -0.00429189129602362, -0.004944955331803479, -0.03481659891922303, -0.03384436987961313, -0.012122461233944502, -0.010709386053014275, -0.007194368715630206, -0.005370744676242846, -0.0063458454078399095, -0.014152269257696783, -0.013417347813390539, -0.018311883322287278, -0.02398722451262978, -0.006560155751723561, -0.0063592065344001, -0.016634303381555946, -0.021706414778461133, -0.004957581666921034, -0.0049742472011502295, -0.008221943505560261, -0.014357163233095207, -0.004393889317392231, -0.01394838182961391, -0.015102658278102083, -0.005516804625816497, -0.005395877070012562, -0.00984995775607439, -0.01643119320877818, -0.02732517998634045, -0.023146517929325188, -0.009049309844020371, -0.0042425732916791465, -0.007163212284920293, -0.019142419538507018, -0.012285264496838217, -0.01294616478701309, -0.01838699973007567, -0.00646980846374308, -0.004208568755572698, -0.004616345734202169, -0.02491948087282214, -0.02008486271014542, -0.006993358412322655, -0.03165875559195036, -0.004715497870796843, -0.004086249464662235, -0.00583191176898693, -0.017805116029672653, -0.009495900061864862, -0.007744965353944901, -0.011823649954956278, -0.007931181290123096, -0.008369665821926667, -0.027458319899777737, -0.028951700941843267, -0.021464831280519816, -0.011415390794512177, -0.009680156689613797, -0.0064510145411537535, -0.006544967905257567, -0.015572993531205948, -0.01352550032449286, -0.003716796371826462, -0.0037792851789933517, -0.00960559409096458, -0.00419758184305642, -0.0041226433733144935, -0.012237670094120929, -0.007954159195047501, -0.0027502448495115494, -0.00257890737514918, -0.008664644830839558, -0.01263633765409987, -0.011716717737002662, -0.008818184569439697, -0.005077854555340054, -0.0036924770329860453, -0.004534958287037194, -0.015037878219212373, -0.013650744483105498, -0.010815519921733043, -0.011244009075998472, -0.003328933236763411, -0.003198714480846281, -0.003914877384795387, -0.010819029735265826, -0.0054546087559796674, -0.016105559350300686, -0.017102789256086215, -0.00426093980479679, -0.003529927215086413, -0.006378002938236376, -0.013866743749020648, -0.004696471242648855, -0.003942455572225881, -0.005275382341671616, -0.007128903232785198, -0.007145735906121509, -0.008097950761499323, -0.013882224460940435, -0.006388236467557479, -0.005743290091764471, -0.006678905315644671, -0.006952413818326844, -0.008642366586410356, -0.013775937385742815, -0.008044224872605284, -0.0019606162690816295, -0.0020418995254786643, -0.008969485572304647, -0.005572097240791207, -0.006687118554285448, -0.018342203559588904, -0.007716782878514578, -0.0033899132949525945, -0.003863374902437649, -0.015387149779737534, -0.015436410444291884, -0.0052780643480649795, -0.00581215596613262, -0.004448689130286943, -0.0030158292902271898, -0.0027382843296452674, -0.015399709451460445, -0.013152035027199896, -0.009719472798604582, -0.010657581487861527, -0.004717200810570119, -0.004175633203339127, -0.00657740069496735, -0.01230775379145758, -0.015120729129592144, -0.010901953170096953, -0.009277116380024148, -0.0037098711571863056, -0.0037548832628432837, -0.007786274660782294, -0.011057325876594236, -0.0028342045871289664, -0.003224143608108918, -0.004442881216044172, -0.012564649867478458, -0.004298806142877542, -0.013523310598571816, -0.014128644351940977, -0.004673472857085245, -0.004777283001907114, -0.01190564915578826, -0.01073797798556533, -0.010104914276012416, -0.014360256290596608, -0.009170050837301187, -0.0037687595738480485, -0.004933334076504888, -0.007679878267406216, -0.007978331671676562, -0.014769060237085683, -0.01653981426621318, -0.004847118370430214, -0.0027864041557142194, -0.0023050427238969326, -0.011756606864067246, -0.008334145578546667, -0.004681611227283244, -0.014283335591353294, -0.002344337329669515, -0.002807791650234294, -0.00507051389994679, -0.015983952586259953, -0.010453950979893099, -0.005561776455934663, -0.00565553779169812, -0.006796957863129143, -0.00621901841011646, -0.010710249447292899, -0.017810915732558552, -0.008709440952984296, -0.007977812123515886, -0.012461812889770241, -0.005419437321318571, -0.004684866039131631, -0.014352095048787098, -0.013535710287441362, -0.0038192934818333654, -0.0032864506063339507, -0.008020875155479232, -0.003145213558112676, -0.013654849684818341, -0.01098815419124311, -0.009348664512201305, -0.003994642264268516, -0.011472256180240663, -0.004124232539519353, -0.003797715214002497, -0.010037976365530237, -0.01634904917428411, -0.004790563993019644, -0.002781613085411763, -0.010305523424198135, -0.0024022295176947036, -0.005157367923710091, -0.014670469854425163, -0.013473095179733875, -0.0035550707558307465, -0.003549165835859053, -0.013319271787287729, -0.013362320325739679, -0.005048122307095272, -0.011185032907163637, -0.011404083889602044, -0.0027422694054694877, -0.004659414370552927, -0.013023454224851258, -0.006800503026672014, -0.004763354051893886, -0.004429155888335171, -0.009022961326394248, -0.003599872784752222, -0.007892807137052881, -0.006290491947620808, -0.007916943603551396, -0.005021282934195193, -0.009693913297083573, -0.0046352146753694656, -0.0023179149663572584, -0.009403847385655367, -0.011224502295702384, -0.007457414942995521, -0.0033919928689071827, -0.00806843569774996, -0.004012621611543664, -0.00401999936282075, -0.014265136211071271, -0.014412547736038062, -0.005417535600982933, -0.002318935637270904, -0.009237890707640606, -0.004260211039274192, -0.00546201421958882, -0.010276981411475452, -0.013221892942801053, -0.004046010227603118, -0.004488422667650561, -0.014514372843606353, -0.00444900341116214, -0.010572284754170509, -0.009261641539989736, -0.014836580805948216, -0.003406261494013966, -0.004944445063125375, -0.018671638575148315, -0.013890068986801386, -0.009013288285629794, -0.014387214904951682, -0.009346676986236022, -0.0031074772381521655, -0.007110650865592309, -0.012500941473986433, -0.016335614457774813, -0.0044098061815139025, -0.005683844079156986, -0.0068157977958958095, -0.0022423302536493544, -0.0093807188198554, -0.012210495393810717, -0.00824964567249362, -0.003166596738202929, -0.009045728446044956, -0.004902787919078873, -0.004495563926048439, -0.01641641209612762, -0.01360576114758899, -0.0063579866236525015, -0.0027375944912344406, -0.016153403086521308, -0.004460500138344156, -0.004675363258150331, -0.01723473379241094, -0.018916587219276262, -0.004993706655833565, -0.0038972101440084093, -0.015720442987920198, -0.00700167662002877, -0.011452566511460939, -0.005437097682458974, -0.015471303623860087, -0.004448731793860127, -0.004489721498477163, -0.011460622028378716, -0.005874509391115061, -0.006674932037066036, -0.007749225239168849, -0.008839423535386496, -0.002409879405893846, -0.0058007883823858325, -0.013953138401269558, -0.004432930318563799, -0.013286248156295257, -0.009841741134312573, -0.007614025091921607, -0.0032830930611245663, -0.008264750569888273, -0.01283132112282078, -0.00876813256481562, -0.0021240246548347576, -0.005312300353570482, -0.007041156494207152, -0.004597822719979645, -0.020221863749942087, -0.02378688857296023, -0.009476397491558833, -0.0038667967278286307, -0.010609479250624198, -0.005514512814049224, -0.00516680824562625, -0.023554304362464498, -0.01991308892965282, -0.0066646957281522815, -0.004782711773934527, -0.02821433372649968, -0.004956231972189594, -0.008327001526195806, -0.014302404950715285, -0.020633941861283877, -0.004772533180505145, -0.005396724105155785, -0.026447957723925372, -0.013772437636462126, -0.010607228896427222, -0.02143712012212273, -0.01952509657432942, -0.0045101147679483455, -0.006292444589034011, -0.0130219712475625, -0.014267682490297987, -0.0050857109381675725, -0.00797274887616649, -0.009418215223224287, -0.0036874348332016416, -0.009019651435885633, -0.01411736503171637, -0.00732825431625518, -0.008955378931849431, -0.008944552439877053, -0.006696876269312757, -0.004224191551594622, -0.017792173877979777, -0.01721326703329905, -0.009384161823136174, -0.003807084221201213, -0.009792595373184637, -0.006528915705699128, -0.004825188773296755, -0.017730656419580503, -0.015081832077470561, -0.0072952377421267225, -0.004594949225291309, -0.022473159185325893, -0.005486152073360625, -0.014322325603738528, -0.01216144231718243, -0.03237144988802513, -0.006445532986218141, -0.005098374084623765, -0.01273012710147587, -0.004615036510581205, -0.00916726119212335, -0.018920932768686026, -0.018282292119713255, -0.0044575432758551066, -0.007360736845573435, -0.027693982963663457, -0.03305431919672709, -0.02218869528099727, -0.015834449434621613, -0.014456247888937356, -0.004273653387381522, -0.010339518979004595, -0.024575871327129385, -0.014859325479556953, -0.005013150399045288, -0.006654052299076983, -0.014297918294507677, -0.00468281941812109, -0.01667582259643525, -0.012840643916576572, -0.023165380529139374, -0.005759706701412269, -0.02302801300572583, -0.00678793185556425, -0.004715758794170755, -0.015773067074578907, -0.02145225447128791, -0.008855231023581817, -0.004205726568690215, -0.014766758756323353, -0.004947488505247851, -0.007787928815166578, -0.03674305447739444, -0.03406072545089492, -0.008005852857759163, -0.004602139111534399, -0.01612425420258893, -0.011805594096726298, -0.008633889877193442, -0.007226350112836924, -0.01637703584263168, -0.0048595744676839135, -0.007043279809175851, -0.03111038192287065, -0.008547730874510889, -0.019579964268488372, -0.008498102802293695, -0.018178462674332388, -0.004185836199141839, -0.007604209959158806, -0.01775776299639792, -0.00617873662357446, -0.011922336201294967, -0.022381750095510872, -0.010654936441234502, -0.004100445990484818, -0.01151545573556519, -0.015972940857990864, -0.01881852280857103, -0.004291143387873755, -0.009095832592385241, -0.007069222513116011, -0.004389951214065563, -0.019453876693751433, -0.024362267809956067, -0.00871396201064624, -0.0036484417709585454, -0.009021850584188649, -0.005353093701810127, -0.005392378179737644, -0.024114720462021854, -0.01776023207170864, -0.0066740150962464615, -0.005556592425858116, -0.029353619285317954, -0.005646250794223457, -0.008225308228050779, -0.012323260854871104, -0.01940798321354203, -0.004601838340602485, -0.005375409072027041, -0.025831094148679654, -0.012137133180434145, -0.010781869257376356, -0.022006383881523147, -0.01962046021605868, -0.004505204586964345, -0.006259822305729481, -0.011141660412311693, -0.014630573133700349, -0.004994474241328101, -0.008157058752042824, -0.008582786162331914, -0.003343896177937601, -0.008868050277039352, -0.014677647341782353, -0.0067251702456006465, -0.00920219234586422, -0.007649043827641078, -0.006652945347235757, -0.004449084883956595, -0.018197969222009426, -0.017249520100214008, -0.009454596094470611, -0.003404168038419825, -0.009545414751770877, -0.006695409677469629, -0.004537658555878747, -0.016095881754855625, -0.013329375280822935, -0.007194512665419344, -0.004948379401826939, -0.02319969123971488, -0.005914758588681781, -0.015145187778717662, -0.011442179949797147, -0.03261022960944591, -0.006954815475727531, -0.004717068462627339, -0.010436478522680237, -0.00452211949597068, -0.007854490505771118, -0.019101867131669246, -0.016576393912049268, -0.00413508945468004, -0.007486975547570583, -0.025873427672169335, -0.03368709322928822, -0.0231460742747348, -0.014616770422311355, -0.014618088170853036, -0.003932462330993744, -0.010531145590160749, -0.024342255894633503, -0.01253843168286019, -0.0047982936126536235, -0.006281049977604567, -0.014343638052820767, -0.00559778796961017, -0.01693022042052471, -0.011899443633718634, -0.02468406043181534, -0.006794027236039253, -0.023612397497622745, -0.006815534966668681, -0.004355392094449972, -0.013320256387187228, -0.020427824229617253, -0.008877680128784083, -0.004033339881361734, -0.01214267702611072, -0.004483911783464533, -0.008383530061893525, -0.0369157974675713, -0.033275567606056496, -0.008390115704121192, -0.0041924643945645875, -0.013745919926435323, -0.011698945019740113, -0.0070127354801693045, -0.007113577660286889, -0.0142373216695268, -0.004480128006634674, -0.007298934671719658, -0.03198159291154395, -0.009006924321515999, -0.021086599544939223, -0.008286464654665355, -0.018577815933154444, -0.004229977303092342, -0.007523552138999087, -0.016329430878610246, -0.006192748529223892, -0.010341523889991239, -0.02288165339988465, -0.010817990997062005, -0.0036907341658088282, -0.01163169844783345, -0.015257152398893636, -0.01939716787313102, -0.004831219580607339, -0.009017994631887655, -0.006319105047565765, -0.0028319976312824726, -0.012062007056205753, -0.01012209486184604, -0.008041964916576678, -0.003358933556801633, -0.00906662553325069, -0.0035865135590794797, -0.0032214940778219287, -0.009047078553592417, -0.013699324678041856, -0.004025500067569273, -0.002427990929536693, -0.009872021280171044, -0.002101053882732962, -0.004391226780751963, -0.011488196292946503, -0.010861075560756748, -0.002995465956905069, -0.0031109675585687976, -0.011737333150928531, -0.011269759126595369, -0.004555646971769917, -0.010399068209246338, -0.010433251984632196, -0.0024696322696458853, -0.0037755714521987022, -0.010097034044982032, -0.005757159281111001, -0.003882570639805681, -0.004030350325509809, -0.007594773177779144, -0.0031598808721615655, -0.006900766169928601, -0.005885467098717687, -0.006547218062816637, -0.004202854680276415, -0.00739087960018091, -0.003780031430325119, -0.002027936618600869, -0.00860528915015219, -0.010063564587385082, -0.0064442779707398114, -0.0030708339392726703, -0.007079964767373493, -0.0036329899098444885, -0.003341278287684454, -0.0109022891828005, -0.010920744403798024, -0.00441631037204122, -0.0020180630242092857, -0.008504591833405241, -0.0036962606345753864, -0.005159426148056904, -0.009184516659720726, -0.012471489301847829, -0.003589194566155426, -0.003804794303190847, -0.010953077537047719, -0.0036258734388038977, -0.008648521586511653, -0.008093648647463146, -0.012298444842269432, -0.0029905623537089753, -0.004328737995037151, -0.016742009431061643, -0.013128760690645598, -0.0081650205961304, -0.011932946922781773, -0.007824904191965586, -0.002803122104566603, -0.006074790953880652, -0.010850008626878247, -0.013233346784655037, -0.003704950230847322, -0.004810549271384911, -0.006162551200596513, -0.0018121015274001455, -0.007958675574094392, -0.01017229397448257, -0.00766210681573847, -0.0026882658360312837, -0.008599169492845121, -0.004345983666159496, -0.0037392701955460237, -0.01274251657333575, -0.011052623771907709, -0.005234875617557387, -0.002422557411383205, -0.0121278392371479, -0.0037737519104683475, -0.004247500896302115, -0.016486443609301578, -0.017753145363900963, -0.004508506745379125, -0.003338684301999203, -0.012210936317843991, -0.005759292506379147, -0.00889004977017048, -0.004369402193004236, -0.011732904802327318, -0.003701789329993022, -0.004081703274328269, -0.011121900768975101, -0.005318821647987892, -0.006374843333204388, -0.006608715256890101, -0.007745934708570223, -0.002101227243039928, -0.004679252303489389, -0.010800750114415024, -0.003757022944507156, -0.011098749481417267, -0.009029330303809797, -0.006707748109957855, -0.002998946788183527, -0.006993961767143591, -0.010949189072189083, -0.007945254557642263, -0.0017813530142199178, -0.004551615178544188, -0.005639822163603174, -0.0027500181298477614, -0.011277471565670485, -0.013542838326571442, -0.005648849231401511, -0.002020858600421222, -0.00647566326657543, -0.0031255550061620296, -0.0038198614472397647, -0.014688396274822987, -0.011710388812378578, -0.004273112223052494, -0.003691415888404061, -0.01543413593831197, -0.003704751931868043, -0.004991297249577171, -0.009003538509329797, -0.013313497242671751, -0.003055700940889015, -0.003418933163482799, -0.015674551138452918, -0.0081455126272686, -0.006115821959521627, -0.01218325915953868, -0.010926452610529871, -0.002896348523891595, -0.004166136688656095, -0.008108012508221556, -0.009377059582159158, -0.0035727416430361755, -0.0044966627103724946, -0.005699255166323831, -0.001878127671513363, -0.005677907767951047, -0.007715405028373014, -0.0044754854184676125, -0.005516680774081776, -0.005744187557953638, -0.004505012820340245, -0.003024446476051835, -0.010466529436722384, -0.010322218104102755, -0.006093697953008874, -0.001930145632151539, -0.00578047922599609, -0.004010648362652293, -0.0029630350276628322, -0.011797538449995438, -0.010024552914196017, -0.004713963202901188, -0.0033733340697716116, -0.01316631212479832, -0.004018365703807694, -0.008320095456289645, -0.007081470405000926, -0.0174905549920514, -0.004564306591310405, -0.00282231439083628, -0.007734230670370178, -0.0025868261097625614, -0.005438963955836225, -0.01158453047586943, -0.010694331164176485, -0.0026379754556710576, -0.0045999849415025214, -0.015236755049527522, -0.018671458782233346, -0.01333653718007532, -0.009663800995716456, -0.00908370748697063, -0.0024833471245564328, -0.006391333807266913, -0.014656948208954778, -0.008626924311792504, -0.0027493964834329684, -0.004405651230975185, -0.008253161495852458, -0.003906777352041805, -0.010389719122947, -0.00792278437037624, -0.01373634219847688, -0.004509541527985724, -0.012249428286440534, -0.004366473989926127, -0.002607245703874496, -0.009813148055058724, -0.013907602822712991, -0.005781572823243715, -0.0027070296989857826, -0.00898207428749677, -0.0027479479136125634, -0.005104729471788536, -0.019378821823305532, -0.017905804247734546, -0.005003810865076743, -0.0026555273439241877, -0.009780484201101168, -0.007643263769430159, -0.005214958503203987, -0.004537758248335654, -0.010693848253585374, -0.0027877736665094365, -0.004356660622171089, -0.016045681080659614, -0.005536795155073945, -0.01147313478432122, -0.005552887146941104, -0.011207084263176424, -0.0029322715973465986, -0.005089535638976369, -0.011961379052262659, -0.0034661144509636928, -0.006716760496150338, -0.012394719244302146, -0.006294185591846943, -0.0021759104741097593, -0.007366485801977429, -0.009797497346811991, -0.011374499745980173, -0.0033784203120681678, -0.005767478042434395, -0.004673721670262203, -0.003057717144716608, -0.012820859648446774, -0.012200300447416157, -0.007615085609726756, -0.002601700544816843, -0.010538097849811634, -0.0034504459716355237, -0.003928259262924625, -0.013358769536338971, -0.016346726151389056, -0.004581823849142056, -0.002803057588097316, -0.013093824411409523, -0.0028290664565731216, -0.005109764441066116, -0.013973086437583646, -0.01587965909914509, -0.0034815190185208183, -0.0035583010882269516, -0.01640569642829985, -0.011852435382278535, -0.005694425136201517, -0.011115478091634488, -0.010863881288106161, -0.002898538616586183, -0.0045312766879197375, -0.013074332841634086, -0.008712428989675848, -0.004413146394846512, -0.004177952966137787, -0.0078111327642838325, -0.002539308600283216, -0.006473474597859086, -0.006672783927978272, -0.006397222018572573, -0.0052388653252753515, -0.009478583842844383, -0.004712396475746621, -0.0027308531355562907, -0.009820032689352885, -0.010579614222504698, -0.006549999362121395, -0.0025714365707025324, -0.006686339385179949, -0.003868195116068131, -0.0036117888628827287, -0.015703484666146593, -0.014541597923474371, -0.004985952433188281, -0.002911704570866148, -0.011693524029193634, -0.0038268570456181593, -0.006831581369267499, -0.008705939923884763, -0.016315556351650395, -0.004137425723268341, -0.0035601326989305048, -0.013795645419432713, -0.002999365052973344, -0.008839999283269095, -0.01099859640049179, -0.014489145464809665, -0.003191641988834924, -0.004636469886887921, -0.0181376252949783, -0.016904352824310433, -0.01157126227569052, -0.013082235404428377, -0.009544242502613655, -0.0029741619411427075, -0.0066166980998359, -0.014852439747780404, -0.014131125339340214, -0.0032515646564849846, -0.005460164418269218, -0.00787287868904229, -0.002863325768513624, -0.010439855498010313, -0.01080176135044508, -0.011105852615684073, -0.0034504300002295737, -0.010848276134510273, -0.004566271023675865, -0.003380856611948944, -0.01591831209876367, -0.016016969036208455, -0.006169684054807026, -0.00297842469824816, -0.015865216881157673, -0.003642955528876892, -0.004463035575426882, -0.018197411408646027, -0.018394341637326773, -0.004621900294373276, -0.0034274810627064035, -0.015706944995958535, -0.007871305033251839, -0.009689722888739124, -0.004957165157993641, -0.016055650428899365, -0.0035974780426076933, -0.004143795725054499, -0.01397670869770237, -0.0052707150111730985, -0.008918080572167, -0.006772353700244419, -0.010644166441102384, -0.002903235076206946, -0.005511537691509813, -0.015382523796970143, -0.0035964258403255165, -0.010480934169074413, -0.011271113836679588, -0.006559520259649603, -0.002765660625301689, -0.007869111742831033, -0.011909412632901144, -0.010321630082508254, -0.0027064321848601393, -0.005809441037752185, -0.006814893418836752, -0.0025898816592487455, -0.01140947297897696, -0.008530233799306423, -0.008322161524036977, -0.003599236463101989, -0.011889278070672051, -0.0035984037018660453, -0.0036812573131294476, -0.00852208125029319, -0.015463823355540226, -0.004488347688798718, -0.002481584456984744, -0.007457288765561633, -0.0021293134401891576, -0.0046643793874438936, -0.015416821252842048, -0.013545310648244966, -0.003321688126983827, -0.003100879174683535, -0.011539436610697524, -0.012413504962015721, -0.00418540160488136, -0.008543950823212436, -0.008964834858537957, -0.0022925989855449923, -0.004654683817680298, -0.014131485708719643, -0.006421015207619366, -0.0048861474368060405, -0.0035935470309619456, -0.008373709307280746, -0.0030308482259400384, -0.006828896475866867, -0.004779894978264143, -0.007689041889101826, -0.004728451466037461, -0.010846144246662278, -0.004575908906808001, -0.0020907465875868803, -0.007586025129453907, -0.009411806334633989, -0.006694201439367343, -0.0026960377758702527, -0.006832583234698135, -0.0032271290199606885, -0.003784557224313826, -0.015421245300804774, -0.01584305785945215, -0.005261675978718033, -0.0021172626457442697, -0.0074258833121407936, -0.003907382670561414, -0.0042151588932811315, -0.008481060600816173, -0.009785445851805899, -0.003502201595513677, -0.0040459695657781404, -0.01608081240367582, -0.004220683670921837, -0.01046060234430544, -0.008099217520781478, -0.014150651166082997, -0.0029480677299519487, -0.00422897851087929, -0.015046957616884609, -0.010344300698027982, -0.007512655774467854, -0.013815496596354919, -0.008872170890141317, -0.002549028461008592, -0.006449963361830195, -0.011025183672706053, -0.016193100526771663, -0.004002950702002786, -0.005287240567178039, -0.005509251779562531, -0.002311870382452903, -0.00874761095195087, -0.011719195308069577, -0.006623006540419339, -0.003041053068064151, -0.006519409773862422, -0.004057838911346342, -0.004167023807674611, -0.017586293062857073, -0.013588052603178484, -0.006192388105093284, -0.002386986930431949, -0.018086700974486725, -0.004051755327363182, -0.003706138914165349, -0.011927954671926425, -0.01348874199371912, -0.003966499401946823, -0.0035085561372963318, -0.016824255045236765, -0.006831252033990735, -0.01240772906530417, -0.005405777718077182, -0.017038446999500308, -0.004135925055092815, -0.0035063646822176683, -0.00784517278555026, -0.00483018410336347, -0.0051037264321274105, -0.007284839991839836, -0.007861381138807397, -0.002201034591327127, -0.0058064313803606, -0.01495548562768805, -0.003992499111150652, -0.01239012896669963, -0.007708208904598157, -0.006415054567249586, -0.0025800251507320632, -0.007724702442052846, -0.011822088443330356, -0.007300141238732929, -0.002066198333447416, -0.00481004998706767, -0.007332730604374068, -0.0027247607814494972, -0.009362954420641514, -0.010602347775294172, -0.005531823344353901, -0.0016619068580082945, -0.007646503658943833, -0.0029857066421109537, -0.003721831222226571, -0.012240043983161385, -0.011203430106924872, -0.00395459087704949, -0.0032698658962649727, -0.010474783922836727, -0.0033486479727499996, -0.005003434184760852, -0.010908986783762491, -0.014318321751922559, -0.003144448863002891, -0.0030872783233437586, -0.013018830507325793, -0.007906783584800275, -0.005179502933415808, -0.00929970572982548, -0.008404343919781171, -0.002906975451053242, -0.004431369034062917, -0.009883608042598633, -0.009260515472849963, -0.0038065963553509797, -0.0037419915999814613, -0.0055508572253441845, -0.00157728418474401, -0.005161661724860774, -0.00586799691769463, -0.0046951556019814485, -0.005323535133986135, -0.007661193457368043, -0.005022774043117775, -0.0030515504540926403, -0.008321159626313909, -0.00877514569658862, -0.005571713448575368, -0.001706670571094352, -0.0048608163350166754, -0.0033192314447178426, -0.003268692702309258, -0.014817687726129429, -0.013213495190949128, -0.005153059641966357, -0.0033963523030402414, -0.010065502317084194, -0.003769153632007136, -0.0062140733906109955, -0.0057079225566341015, -0.011814082003485321, -0.0040314971481155825, -0.0029632333648003857, -0.01025776551675999, -0.0023716630183325026, -0.006187242893138681, -0.010513140965747889, -0.010584359943640695, -0.002728350609972326, -0.003817342338224366, -0.011737086832918762, -0.01313068801980822, -0.0114737571199604, -0.01023490503108815, -0.008890541655470272, -0.0027355481521308188, -0.005667572549563324, -0.01314729245388728, -0.00955280279876397, -0.0022663897887164807, -0.004701151266284767, -0.006993112613683239, -0.003562296573308566, -0.009846868189466314, -0.008393736697895693, -0.011235558364142733, -0.0038369392114515617, -0.008654308068541863, -0.004090452332356377, -0.0025087061916586302, -0.012036934016663703, -0.014828261020360996, -0.005730683635122219, -0.003059622108426449, -0.011770649994779945, -0.0029675518404163694, -0.004161485014449032, -0.0126101292929457, -0.01204317364354501, -0.00396428765967123, -0.002856006575034046, -0.011564312361343528, -0.007987219087362605, -0.006735763547511421, -0.004866751190133607, -0.013807987282467907, -0.00299129361289418, -0.003664622453638101, -0.010183667220018865, -0.004307593001817778, -0.008589208776069644, -0.005561653495564395, -0.009781273424564129, -0.0032203939722448846, -0.005471927811825095, -0.014593903497561022, -0.0028337665374389832, -0.006871797279287641, -0.00964761292662848, -0.005134487906601159, -0.002159646590748582, -0.007020886427457806, -0.009553447310538088, -0.009552231679116351, -0.0032408551743670147, -0.005782947723063522, -0.005674193191455178, -0.0038970818938535334, -0.01716622469982374, -0.011970139674091504, -0.013596034706951777, -0.0051264435883343245, -0.020762027755013793, -0.005157303340669411, -0.006155338393616457, -0.012089211805651295, -0.024307577972714576, -0.00696430185782515, -0.004164328281065017, -0.009969457514751858, -0.003575993802105231, -0.006966282573348496, -0.02678064673346532, -0.02243900590430115, -0.005179253491015316, -0.004615572775762165, -0.016747024496561767, -0.0191922870447205, -0.0058128038343153885, -0.01189924317463731, -0.012787447570087996, -0.0036042654232898946, -0.00767663797498028, -0.025542198568044655, -0.009957259149814596, -0.008546529346384566, -0.004899621539736382, -0.01311364673717478, -0.004146403290467275, -0.010525434370357824, -0.006544248742207263, -0.013256627024914886, -0.007312189894839681, -0.020736785707397686, -0.0074720347505570954, -0.0034605980690006178, -0.010699083563038473, -0.013816143621282077, -0.010288185207529495, -0.0036740196745070593, -0.01012720914469583, -0.004731037882965271, -0.006042292747189283, -0.02768934044190424, -0.028865371224077813, -0.008286617349422345, -0.0035752642705099446, -0.010545495274019144, -0.006504530761012998, -0.00564404967678582, -0.012223318368310124, -0.012894877009141444, -0.005574632052249141, -0.006167563630115783, -0.030086897551506155, -0.006275757411678566, -0.018298227905653774, -0.012018258377907334, -0.023089205727515008, -0.004476989611770973, -0.006219336436073632, -0.021002675549361256, -0.013565037610771038, -0.011040731159109118, -0.023413842244868862, -0.014705434389364799, -0.003953740114108204, -0.010132871531388686, -0.016681453116176467, -0.02716612781983977, -0.005630848614136401, -0.008874594300094562, -0.007663231357292562, -0.004025841967410775, -0.014167195441571712, -0.02006501805489074, -0.009584028223280052, -0.005148632958760402, -0.008607181653390805, -0.006350760863278465, -0.006163077314373536, -0.03073393032750809, -0.02215941849527234, -0.009923728875081219, -0.0038774450887255653, -0.03346958153835031, -0.006323399590384365, -0.005548868807654771, -0.015186833853616428, -0.017524856048952396, -0.005745466692074646, -0.005441017722601345, -0.029607328347398564, -0.010609951870784022, -0.022254050323082628, -0.008406422323648691, -0.030735456548248663, -0.006423158279440636, -0.005231820221006427, -0.010054617442105904, -0.0073129255377450166, -0.007025782414424234, -0.012222633638840418, -0.012027950599644536, -0.0036654045987320905, -0.009334197530822541, -0.02608492195020645, -0.005698695834925473, -0.02048332300927218, -0.010931530761955665, -0.009669322911810536, -0.0037197532691246155, -0.012409398302144188, -0.018865037748439697, -0.010488385947555379, -0.0035137655474908936, -0.007212082481269408, -0.013315257916633792, -0.00419120758631539, -0.017711509515657094, -0.01343552323401642, -0.013215445967632636, -0.004284597060409744, -0.02012623288452407, -0.00488848074499193, -0.00631323728217736, -0.014372089374777046, -0.025020657726668116, -0.006839275620478, -0.004257778415416801, -0.012273710225969202, -0.003906004183676884, -0.006977942309131106, -0.026184042369087335, -0.0239690596286922, -0.005246086521450047, -0.0048149631071515205, -0.01916566950591772, -0.019043724619247488, -0.006365545807039569, -0.01285774575027725, -0.01349315418550819, -0.003975152524472744, -0.007399217606544583, -0.025186325502362432, -0.011066938427067014, -0.00824740040141666, -0.004954629856885759, -0.012832114206495243, -0.0037567182355369368, -0.010282107751151756, -0.007129696908458472, -0.012406871276240867, -0.007285352142143716, -0.020052128182237602, -0.007384545113357727, -0.0038308289912382344, -0.011602878119378254, -0.01426116194453241, -0.010091444292118787, -0.0035646354834921526, -0.009941259166560872, -0.005003353592553006, -0.005894265675225441, -0.028160126286414008, -0.028291362077246963, -0.007833321242142628, -0.0040403228451943345, -0.012367065158818347, -0.00639516803851895, -0.006643081585759912, -0.012361113735461983, -0.015680848776643958, -0.005929061306260668, -0.005711024560274951, -0.02891987769911786, -0.005159302105829879, -0.017359524208046716, -0.013242488158049197, -0.023266336952172735, -0.004636311391002368, -0.006296361047514066, -0.022629153878851435, -0.01643796714041735, -0.01288285644918529, -0.023101035249355893, -0.01480020247975514, -0.0042750194888276465, -0.009901411359754699, -0.018442580909346074, -0.026038723779438312, -0.004840952653821472, -0.009076666253296875, -0.008720299114755732, -0.004251726887367872, -0.014830172452655572, -0.019612902504524743, -0.011524300157623577, -0.005256019160409168, -0.010407629135458698, -0.006684455386652152, -0.0054539800106506945, -0.029978542433963598, -0.02353083830653537, -0.009605683036459645, -0.004313086763629038, -0.03241298674568294, -0.005970538342431565, -0.005907387992762981, -0.017904457419471217, -0.019775906873195387, -0.00599225025981118, -0.005364064058136055, -0.029162288252125804, -0.010921177845821098, -0.020603091720078286, -0.007807409254186306, -0.030452656848329242, -0.005975284414922351, -0.005547190677760179, -0.012522494300559012, -0.007451573010860888, -0.008544431762827489, -0.011918507557349713, -0.013236487650248527, -0.004141770193934254, -0.008870133407878443, -0.026493431074264013, -0.005073067612600106, -0.0193214377732922, -0.012312302881482268, -0.009496822520905637, -0.0038458407733667605, -0.012279203942919058, -0.018923851245958606, -0.011815706488802672, -0.003836539815810893, -0.007644895928903634, -0.013114633392360924, -0.003141517406022239, -0.011554183441037551, -0.013416090329498292, -0.006386217170136975, -0.002043063294802018, -0.008257219632121749, -0.0034687266218497025, -0.004335529824080676, -0.015098642503978113, -0.01304899764017577, -0.0046701663764798194, -0.003970196029702181, -0.014090742456319784, -0.004040283545295005, -0.005729446657946235, -0.011710039919239466, -0.016165933576696934, -0.0035847568879803482, -0.0036806940847336858, -0.01604053383423738, -0.00911671117732111, -0.006274099535713634, -0.011857164193009829, -0.010700042901693924, -0.003350635292139794, -0.005005287422238541, -0.010609645051749545, -0.010750737762900997, -0.0042640272984076875, -0.004550965458669226, -0.00639148983435704, -0.001907574820822503, -0.006130041877301226, -0.007427263877849649, -0.0052479839454537755, -0.006178565914902397, -0.007983077959418274, -0.005615633857097188, -0.003520714001678599, -0.010442148093773373, -0.01068290229873821, -0.006587017667997177, -0.002016415941895968, -0.005936273632393156, -0.0041030490913357915, -0.003641136173431447, -0.01591996151414553, -0.013899526760170387, -0.005757926813348691, -0.003927808998664719, -0.012869444022056453, -0.004447757600575767, -0.007945629594219905, -0.007111134870950436, -0.015844939700721875, -0.004900084492315201, -0.0033472541492068843, -0.010694253165648057, -0.0027873936058409304, -0.0067149584925291425, -0.012541161432879519, -0.012177909067381837, -0.0030872389170624993, -0.0047133895989444775, -0.014932265455886464, -0.017374347202831184, -0.014029375756907155, -0.011547683766360763, -0.010336822135034264, -0.003028604508795609, -0.006818989067754026, -0.015755937811117702, -0.010460951673266487, -0.002758748330750427, -0.005294743324636275, -0.00858722980086801, -0.004303159898793046, -0.011610455158540887, -0.009460969385195818, -0.013999416516620806, -0.004760769490297219, -0.011423671272217203, -0.004845884930379833, -0.0028989000543584802, -0.012802722121092283, -0.016726566632681756, -0.006623009033401753, -0.003374931424231836, -0.012302958746427454, -0.0033124409756843383, -0.005229273928036175, -0.017340335731844934, -0.016328484622065525, -0.005019077499835715, -0.003184418257799865, -0.012478619900112384, -0.009004091001577279, -0.006947918309769962, -0.005411156296123983, -0.014586317255625515, -0.0033471921703111624, -0.0045206547767355975, -0.014073543883868616, -0.005502287361236787, -0.011037361393166772, -0.00637831275951583, -0.011874069220739858, -0.003598074270995405, -0.00615057869779294, -0.015759346956178814, -0.003457813434738565, -0.007738343760864112, -0.012181567510862305, -0.006371636124253869, -0.002460333429727525, -0.008197300436854694, -0.011061793483325562, -0.011747212257669682, -0.003821277115143941, -0.006694662462223849, -0.006090894309011731, 0.010553846011880993, 0.023840853991851905, 0.023887717230461004, 0.019805140938559267, 0.009103765695062136, 0.020880733034898562, 0.023041733626387256, 0.019224587996549594, 0.016725313482624668, 0.019490729599318107, 0.01564472629742563, 0.01298633732337117, 0.020717033381644868, 0.020237921741886822, 0.020475987488404634, 0.023262013682684, 0.021069833047170444, 0.009931282060942619, 0.012786523402107649, 0.019744688221511996, 0.02232335207113825, 0.012253913663717858, 0.021955167483866795, 0.02048687139988732, 0.011683439272014184, 0.011631475812237347, 0.021786610161338274, 0.01914690526151114, 0.013649083525578157, 0.011297958564632678, 0.018594326782429223, 0.02025966418572715, 0.019301696818731246, 0.02403423512816895, 0.022209877732040112, 0.011956935395269944, 0.017258292648560623, 0.018199251643802164, 0.013373263036289306, 0.019723461886997865, 0.022616464860978513, 0.0191789376562358, 0.00822439120565179, 0.019487245134119962, 0.014717619855092779, 0.01713336438523185, 0.02115472902283923, 0.021855685402798662, 0.011374355361854126, 0.010216274325958018, 0.01816933785802733, 0.020839047443134202, 0.017906474888062764, 0.01836275265916171, 0.018856351575044086, 0.014357542026286231, 0.010104585422134885, 0.024368083011533204, 0.024814935353499212, 0.020059195116341248, 0.015893561769897167, 0.019134012824659742, 0.014044863875426934, 0.01370958118419387, 0.02461213047783014, 0.023634427948518683, 0.02062522037211843, 0.024382862495642435, 0.022968303192997492, 0.01019289780113967, 0.018997346743167876, 0.022093076241546057, 0.02376356612335715, 0.00954808222242426, 0.015045651149468504, 0.022792754569004155, 0.022319368967279714, 0.01900154535578695, 0.02432327411292454, 0.019512101763552135, 0.014781256643425644, 0.017280741813931272, 0.01921612369465273, 0.022706942162631295, 0.022956124630925587, 0.019586061043452372, 0.013849546441451999, 0.012027262364593717, 0.021841805587956824, 0.021912338506106264, 0.02000636865526547, 0.02695003098732019, 0.026705345146145993, 0.015600007241064013, 0.009434631237159955, 0.023936889768891904, 0.021340565612315565, 0.01785363994822128, 0.01098657218079435, 0.024952853970691295, 0.009948471943201146, 0.015811547201753387, 0.0272672427097027, 0.02713868832555027, 0.01681779394002938, 0.017198146700091323, 0.01937393239754753, 0.012317677489830871, 0.01829878592356267, 0.02296190815057981, 0.022656814208523827, 0.021043631012096494, 0.01817594108407115, 0.019228163390618662, 0.016747244733123612, 0.018218430348056442, 0.02166892471885268, 0.017490274232771327, 0.010130711360428105, 0.011792570325996739, 0.020698354689496646, 0.026074144928313996, 0.03858694266518042, 0.05532452511132481, 0.02684143765488009, 0.020390999075975316, 0.025157041772977833, 0.03607673347152456, 0.04955931224494533, 0.05253463081364972, 0.03448830324781277, 0.018800122503088452, 0.019060043196804047, 0.06308066795791291, 0.061922899777972176, 0.038874147696047356, 0.02686509161799425, 0.03290951985645099, 0.02462553124692894, 0.0176522341847811, 0.05272405368367679, 0.04015953683431761, 0.03424290045354077, 0.06543404798447791, 0.06668457490527605, 0.017243643796668876, 0.029809813382924284, 0.03441923646443677, 0.04126034079899683, 0.017380154775411816, 0.031281200132591606, 0.04082063656187619, 0.024865697240603175, 0.04608701774402374, 0.05105666399237378, 0.04230257114588051, 0.03179033400947909, 0.02059150483165852, 0.024574664274895772, 0.038374094380976956, 0.04285163198223335, 0.04131941882995348, 0.0237609257332851, 0.018497364080539182, 0.02570426861194635, 0.04469070729130913, 0.02105252662053633, 0.037148824850847355, 0.03433806689439067, 0.02803225765217336, 0.01466852129713606, 0.05736968084558292, 0.05657664537276593, 0.048321347583809085, 0.024518285152383235, 0.054637570132022306, 0.021229195212338046, 0.02338684555997672, 0.0305686922801014, 0.02927422283398347, 0.029560522800830564, 0.04603576946049284, 0.04777799579739543, 0.019612735580405063, 0.041676945878582616, 0.05389278399418387, 0.07052373104488155, 0.06196838183900244, 0.03442069992503651, 0.029111779475948747, 0.022911893260765055, 0.02474580895101493, 0.04763767796604924, 0.03208114662434979, 0.02202591609450115, 0.01958479116829104, 0.052351599037183005, 0.07247437558054894, 0.05682426666698276, 0.053624284582956615, 0.05808260405834791, 0.02205750482991843, 0.055772201175590466, 0.05255220246412482, 0.027877492335280207, 0.02988540809961337, 0.04233553317810891, 0.04040873009167718, 0.01775003000064239, 0.032582353174288765, 0.029397376185231496, 0.06559586796162084, 0.08268993664883714, 0.07359651402991028, 0.022377146574630753, 0.02107829834328868, 0.028220414027973872, 0.03720972854270321, 0.022275129686536596, 0.0261731827112401, 0.02868469775375965, 0.02234838684802633, 0.02377714559364983, 0.08155667858207616, 0.07300514522694133, 0.0549455333653099, 0.02307027842432637, 0.03645078058166494, 0.03219370286775664, 0.023244177743736525, 0.0319192040611161, 0.033371670169490754, 0.025703100397914656, 0.056057933435172076, 0.06342592005934017, 0.024269352607420063, 0.0529563640080624, 0.05188024244095045, 0.05297712838484246, 0.014556307242113677, 0.03079886704553086, 0.03655111390281053, 0.008779191073409838, 0.017251320039288892, 0.018756989677731605, 0.01435897860805983, 0.007474228769121247, 0.014339214887039604, 0.01652361458373392, 0.015281729800868676, 0.014782055366345501, 0.014063038252373337, 0.010711874667046194, 0.010013038990729523, 0.017600994953483357, 0.017790390708482724, 0.014776118401547194, 0.01546216419968445, 0.01451873388775227, 0.008299706702522567, 0.00951077311384406, 0.01619443340875325, 0.016479393672289705, 0.010632628974030814, 0.018977436240808436, 0.018196366166909003, 0.009107494409231977, 0.00968735114226746, 0.015069420380434656, 0.014378159936872572, 0.009728282647452983, 0.009801649769263135, 0.014131638090676408, 0.014266476141923175, 0.01504054019073512, 0.018707027046668243, 0.016595263346966396, 0.010081578634376873, 0.01134013435391901, 0.012132893319316893, 0.011480119804058851, 0.015046140468914752, 0.016928887566487513, 0.013672006916295592, 0.006860158066841495, 0.0142337250156707, 0.013084761687847115, 0.01194349426491042, 0.014858964780211365, 0.014839355446397275, 0.009259387234189963, 0.007892680059174342, 0.016131848075576927, 0.01722155220918441, 0.014579870348873104, 0.0136106842916239, 0.01574387823157073, 0.011089261188931688, 0.00826279956995283, 0.01592166272118594, 0.016065459241269578, 0.013445563648376182, 0.01367899920411444, 0.014926515639265756, 0.010477815054993424, 0.012217308553412453, 0.01945435382567839, 0.02042248476939259, 0.017336726370406185, 0.017108854304874212, 0.015419857823277197, 0.008223320102768808, 0.013224780023943034, 0.01662872135613453, 0.016384826929997733, 0.007806321627805113, 0.010878612246148537, 0.017918909681642704, 0.019897727360041067, 0.016517835754339946, 0.01859490324437856, 0.016759739584070198, 0.01150137037494878, 0.015432706969690327, 0.015756710576458756, 0.015179518210440076, 0.015205993049912915, 0.014682820673019622, 0.012007133941591128, 0.009367212590895697, 0.014841155028092592, 0.015456148019348066, 0.01767250777757618, 0.023491986198358766, 0.022415969762593337, 0.011888888187461987, 0.007658993727795771, 0.015798303724378796, 0.014968481876752267, 0.01187713397076518, 0.00891163473755345, 0.016165061840283396, 0.008092684726230396, 0.012353498478978634, 0.02364544593170762, 0.02274413582247114, 0.015132047169857697, 0.012401105678618202, 0.013816291594598695, 0.010235228501017385, 0.011941869849962438, 0.015244206057974994, 0.015290227257269296, 0.01441509274055684, 0.015907543284163536, 0.017055311407979085, 0.01286825030766123, 0.015336605626374273, 0.0170382755094199, 0.01533496811401992, 0.007832674458115606, 0.00981180178766259, 0.014544495624166617, 0.006435232952987353, 0.012028918041971927, 0.01281467645695504, 0.010095697451782439, 0.00550202179693006, 0.010185932211912276, 0.011628009189511653, 0.010671057656045414, 0.010347523792359915, 0.010003453140869109, 0.007770981535267283, 0.0069827797951807265, 0.011943410506825793, 0.012083284975088537, 0.01032322949942957, 0.01128473415582954, 0.010505240424760994, 0.006074602113881526, 0.006776675908287116, 0.011382880041672741, 0.011497721395953592, 0.007418678577432243, 0.012873950393716607, 0.012313889636135958, 0.006330260844842626, 0.007113435624861704, 0.01100400542386592, 0.010493535145607911, 0.007013841727430165, 0.0068820509800087085, 0.009881924306004125, 0.010149433029306635, 0.010308679942782919, 0.012661202475201938, 0.011527781563581007, 0.007354590689382339, 0.008323310886725686, 0.008866216209632351, 0.00833098962788167, 0.010585753968577064, 0.011712983116878756, 0.009663661982089445, 0.004992412981150245, 0.009975673911153482, 0.008774877820551594, 0.008539187212853664, 0.010987053252677187, 0.011112608974464025, 0.007056989465295165, 0.005578142173620601, 0.011195586223016266, 0.011961254400653359, 0.00997560941913712, 0.009478673467337453, 0.010550145033557811, 0.0076944010939788985, 0.006129407043147947, 0.01174339038576538, 0.011964263276468752, 0.00972227157084306, 0.00974065012721755, 0.010444246674613862, 0.0074236522361031355, 0.00823127807737215, 0.013084029938882672, 0.013733932436506193, 0.011740829975715896, 0.01209657449724362, 0.010957022814563547, 0.0061693868820785515, 0.0094800469076834, 0.011832423266843218, 0.011744327278739593, 0.005813671993656207, 0.007734466509417767, 0.01231913102739844, 0.013389920843907022, 0.011338287294599278, 0.012919858181085772, 0.01134111708955619, 0.007900677769529532, 0.01029511964730536, 0.010894670022210232, 0.010864583692594734, 0.011068891579112011, 0.010644728541122203, 0.008495572741918912, 0.006507065019370036, 0.010541410289095677, 0.010946926588279159, 0.011644311359249796, 0.015550220698402903, 0.014956109102568478, 0.008226076879613688, 0.005714845958446229, 0.011609144497321873, 0.011018901129642445, 0.008680280462579135, 0.006723134410131978, 0.011965311237964524, 0.006004719192820126, 0.008442239796796288, 0.015580528796791967, 0.015058312747439986, 0.009950756858991818, 0.008808572904238173, 0.009827247814029817, 0.0076223172181385124, 0.008775211053205877, 0.01136307492275906, 0.011243990712702677, 0.01021742672979024, 0.01058793902049316, 0.011129203118780127, 0.008833229540143508, 0.010397244819261261, 0.01189379663908153, 0.010711778292521651, 0.005533612548918741, 0.0073450776473462705, 0.010836107912211802, 0.013857923024455588, 0.01945500725794825, 0.025543510786439082, 0.01375761287883739, 0.010829122539033483, 0.014143899465540894, 0.018966034120575143, 0.023670831643984352, 0.02510058953705625, 0.01815127646947095, 0.011141382705286463, 0.009707203463484476, 0.028001282403414346, 0.02828469423671291, 0.01969756686745842, 0.01640704913451991, 0.01885157778471545, 0.013069724570247592, 0.00953629051462274, 0.02579102559635696, 0.020493224676521257, 0.016630197205367795, 0.02949356396446649, 0.029470845701393508, 0.0089420755761373, 0.015937623907805194, 0.019979471317684232, 0.02274472197258155, 0.009906103150989245, 0.015365744489649889, 0.020261871440814826, 0.01365536985947802, 0.021594798707863554, 0.02366153207705802, 0.020642635182024194, 0.016735210099007972, 0.012735825989573924, 0.014616579307423251, 0.019885615268193397, 0.021213279914425103, 0.02061368040054872, 0.012824241123351785, 0.009508421995674081, 0.013140230301321207, 0.020087714777138783, 0.011878491558631132, 0.021889812647284308, 0.021290608129786517, 0.016087160675580497, 0.008087062536062091, 0.026891489302326554, 0.026646370736352856, 0.022220242317753703, 0.012344590263257734, 0.023892573946782462, 0.010555084946019443, 0.012700859721300353, 0.01916231687788756, 0.019005775335064288, 0.017010449172123868, 0.02306855794766874, 0.023140159058903636, 0.01034703556317224, 0.01888309849931013, 0.0244691537777621, 0.03079643916144009, 0.02758710245922039, 0.018253526351727938, 0.01646977253971889, 0.012766225957188546, 0.013740652218588296, 0.024270524241333285, 0.01804561995623564, 0.012077748159645078, 0.010660976511508808, 0.024225911786179822, 0.03152683960322842, 0.026633953873026715, 0.025724112508547396, 0.026459945218322636, 0.010778522892581325, 0.02455727861872233, 0.025012347409114698, 0.016175388329116528, 0.01800348673407321, 0.022993141228645635, 0.020000626078939557, 0.009189317346932934, 0.017937083933853085, 0.01556302811537132, 0.02789133753218491, 0.03429521573246627, 0.031142930467054786, 0.011079056001306514, 0.01158557032745638, 0.017565436010586705, 0.02154388379786493, 0.013403941133943753, 0.014768144471565336, 0.018409720702724043, 0.012119728293853051, 0.011332797382412782, 0.033700599406379005, 0.030702561437990487, 0.023535729269990667, 0.012294689011302927, 0.019233948162692027, 0.01762815526525187, 0.01429571810008445, 0.020086310128766802, 0.0201029656125864, 0.01434327373082729, 0.024631592298479842, 0.02642174641975587, 0.011654167905362613, 0.02396945143808175, 0.024961024940661623, 0.025455510425221903, 0.008018203097636139, 0.017027514131595572, 0.021896697145424093, 0.01027312404401373, 0.02576875671250095, 0.023294395295472625, 0.021022963589301155, 0.008767971349120945, 0.02480442583179723, 0.025609269976918196, 0.018866200993956736, 0.014341076424173677, 0.02216230968307992, 0.01919021686941757, 0.012420587939485278, 0.01788576750332678, 0.016918718320617667, 0.023341451474324072, 0.029875961442442374, 0.026214889374290323, 0.009561884086795057, 0.013315268735617228, 0.018654969028449955, 0.02411285807020719, 0.010867732441965565, 0.01819970483354767, 0.01639941684968124, 0.01118949246693292, 0.0116317200732576, 0.027478543814116584, 0.021743011576876126, 0.01546861036669742, 0.009978260691443844, 0.019428640066012016, 0.022694292861645003, 0.0190481606144267, 0.02300007484385759, 0.022894504059059972, 0.011584954489797072, 0.023172750857346984, 0.024046871002381693, 0.012651536759691606, 0.020303640456071605, 0.02326444999654672, 0.020850722806221914, 0.007447244673511835, 0.019972525185811912, 0.012063470029319848, 0.01995760498503925, 0.02653438677950085, 0.028984421914393585, 0.012163226042545166, 0.010329963792959243, 0.015159439646947081, 0.01895477255208305, 0.01660135917789703, 0.01812176151785473, 0.016399847336990264, 0.013508564703284329, 0.010091284192541355, 0.03302935614363754, 0.034274209512008144, 0.026283419443567466, 0.014829184452440814, 0.01965783619187924, 0.01444673175426491, 0.011153305628970447, 0.022279578514575744, 0.018952595480491954, 0.018340137381062473, 0.028047533628743317, 0.028888027255110936, 0.01056192760652663, 0.0225969732090506, 0.02434297725484472, 0.028607982398527035, 0.009575030755345592, 0.016276362754877143, 0.021300640822291182, 0.017329406954042687, 0.01675565942469547, 0.025490797166530157, 0.017323192206854403, 0.013586539543853984, 0.013960727285280116, 0.01855807268357429, 0.02886100712712227, 0.03026185321962643, 0.022294737589913897, 0.012560179100280119, 0.01153707107489507, 0.02747273724923468, 0.024923216123248788, 0.016088659561824755, 0.020290464434325736, 0.021271992890084326, 0.014798335802722391, 0.009524594013745601, 0.031542399070867574, 0.026785132862505195, 0.023507103632796424, 0.01161016672201631, 0.03403721528024657, 0.009943550041851327, 0.014164267656428036, 0.020514791767103874, 0.021453736921480348, 0.01309788568512828, 0.01888464576937061, 0.023043579961554605, 0.012622633249224378, 0.025057308795042994, 0.031090121463244174, 0.02948060087868379, 0.025146395180444602, 0.015253705241035174, 0.015035328021410046, 0.01532148118448253, 0.016363804089639212, 0.02167723860614914, 0.015260771563962421, 0.01022242504752988, 0.012011814378723912, 0.026134745922789956, 0.007337766943810393, 0.011087954789290727, 0.011700921480617623, 0.008883699462848432, 0.006062822797354023, 0.010051053488893747, 0.011068216093510193, 0.010180850081534545, 0.010204108797400238, 0.009946770514574169, 0.008164937587449548, 0.005838297718260497, 0.010757786949755427, 0.01146891021553053, 0.010481558552375102, 0.012451907022521974, 0.01172469265460481, 0.00673278109447387, 0.006068268296503308, 0.01112054359930644, 0.010887143067856873, 0.007504697642466054, 0.011392306487819089, 0.010921687047797333, 0.005507516868483266, 0.008432554039222552, 0.012693402911623498, 0.012109956644801556, 0.006805036697450758, 0.0068724163814582705, 0.009487505648424356, 0.009271423843653037, 0.009389158161489494, 0.01084088059767769, 0.010391993584724401, 0.00850906607789968, 0.009686972212462142, 0.010132365091224031, 0.009366503443012658, 0.009960215271738404, 0.010468921518209813, 0.008512933810044475, 0.00498209925486509, 0.008275599914359905, 0.00809004273361476, 0.008432640842534618, 0.013498403016853852, 0.01415755378399369, 0.00913063964421357, 0.005249496032664219, 0.010647627990398013, 0.010980947283546722, 0.009011355757754594, 0.0075680642167526915, 0.009025104031467389, 0.006251774181941831, 0.007165344572609284, 0.014267226412181658, 0.014838780836009353, 0.01118766239964366, 0.010738944370184557, 0.010388411771748044, 0.006513728664752683, 0.0075144028510171455, 0.010620356826054986, 0.011403015573223678, 0.010871814170063917, 0.0118188517954776, 0.011749006579342084, 0.007563303344683024, 0.009627839869670316, 0.012543742706942177, 0.012129979742822802, 0.006760421466118396, 0.007129264970305359, 0.010569944573522463, 0.011441801074178306, 0.011607022049008167, 0.012795178806898792, 0.01131590197673193, 0.006392483976788863, 0.009572659326363298, 0.01125232697127752, 0.011735921866847247, 0.012801535747787062, 0.012356210284584841, 0.009155880784119802, 0.005697483115115923, 0.011545215755539668, 0.010497392859050795, 0.010335462581939476, 0.01207733730990366, 0.011621947328650363, 0.0066889503036170325, 0.006709750083311884, 0.013370623844605889, 0.013188326273983997, 0.009892459900287292, 0.008527087675428395, 0.014488505846803066, 0.007021850798649599, 0.006522744237742336, 0.011880294214888376, 0.011447247060495332, 0.008704785524871654, 0.008153598893356935, 0.010549797297912075, 0.009377055224964249, 0.010443435929020473, 0.014245074509832647, 0.013478360871944373, 0.010253709240220956, 0.00983878930615288, 0.009379436551557948, 0.006784067349924816, 0.009824867234182027, 0.011483350123850863, 0.010817238105303379, 0.00518747092074005, 0.008998802724891057, 0.01350259422323829, 0.010237781603780341, 0.015488722289295079, 0.016070528500790646, 0.012249571569790039, 0.008503860633806194, 0.014182639724080163, 0.015401802611174163, 0.014065967695856595, 0.013940775836826229, 0.013927473367417394, 0.011762480783822471, 0.007689015685332969, 0.014734403171048486, 0.01559433709631458, 0.014838798011400017, 0.017952138639761087, 0.016656133198771763, 0.00929623973402255, 0.008158614227684853, 0.015260544043444027, 0.014864496688595975, 0.010204591879576631, 0.015313140728972685, 0.014762608528076355, 0.007298875457007166, 0.011796850895726334, 0.01829453905663042, 0.01724719450788866, 0.009447325586254853, 0.009292979514680126, 0.01296733056821882, 0.012591966080150778, 0.012776871945252153, 0.014521854364800024, 0.014282336124504044, 0.01190597969568132, 0.014452161288176994, 0.014894685954598516, 0.013047873102490226, 0.013661223638675682, 0.0141023136208555, 0.011411652609699943, 0.006800404875303424, 0.010963902022868796, 0.010906134865901126, 0.011982122184482578, 0.019518059479718627, 0.020893020924324313, 0.01296702315542749, 0.007056255320536099, 0.01443328868083848, 0.01491007439487902, 0.012161782775038198, 0.009858502758509288, 0.012110445079858156, 0.008227117525927252, 0.010112856878987522, 0.020856581546656042, 0.021905949446525692, 0.016453624085201502, 0.014898555145785192, 0.014578993618011219, 0.008785990873440523, 0.010086515771324099, 0.014027625595355395, 0.015152402078939706, 0.015066183200001537, 0.01693472938063363, 0.01719230276347755, 0.010788009680145282, 0.013972402725451218, 0.017878030592547372, 0.017409769541586018, 0.009493475718724224, 0.00981317872039313, 0.014249960783621441, 0.015317155221591883, 0.01601618282896689, 0.018009088566215477, 0.015659726205578373, 0.008417694807523938, 0.013092993387608413, 0.01569738161196248, 0.01702112220658497, 0.018546384999895176, 0.01762458659114816, 0.01271526111175242, 0.00758585128570384, 0.016843370070433936, 0.015036549484063872, 0.014139589132968129, 0.01589001484826049, 0.015296242327872705, 0.008841595324486312, 0.00950280582024451, 0.019537559383690395, 0.01925542432680654, 0.014698589035992835, 0.012110353874344582, 0.02129697156998038, 0.009970149512952836, 0.008484774509786934, 0.015544741634865817, 0.01496232969933546, 0.011732690533697859, 0.011396103555690228, 0.015125173778679977, 0.013191357325546953, 0.0155703763647021, 0.02096478715819881, 0.0194660147173851, 0.014723821416580456, 0.013414696432917348, 0.012634110243570943, 0.008796683980778687, 0.013440598625626623, 0.015927475565950026, 0.014792147974739944, 0.006959594963626669, 0.012680096932878618, 0.019626508521434143, 0.019072185308849035, 0.050073013570632846, 0.04290022444400811, 0.0401987960495768, 0.015973699123212344, 0.05016646749009652, 0.049423001031457546, 0.0339176661680866, 0.02399194035125758, 0.043448116082703596, 0.039925026709177, 0.021713196409518454, 0.030406812168567696, 0.028528538530803896, 0.047201486632971586, 0.06342895746998492, 0.05470567546028278, 0.017210617796018478, 0.024210026978149574, 0.032430742709912135, 0.04493676917535708, 0.01864428240653138, 0.0293230614880857, 0.02632418407930116, 0.019945869586788303, 0.022171227280224047, 0.058430559324284974, 0.04335595638867935, 0.029951865354689026, 0.01671054891885938, 0.035475788728950054, 0.04264183376894767, 0.03399094849036546, 0.040028716456257905, 0.042501280522146655, 0.0216319533645515, 0.05190861074719557, 0.05300625404966668, 0.02296936049238866, 0.03685715582065604, 0.04142953984691958, 0.038169247765382726, 0.012447890210784376, 0.0356110504343183, 0.019854469753482894, 0.04051780304623939, 0.056932510486361214, 0.0644734481532135, 0.02423859702987928, 0.019097725233424716, 0.024786177266534242, 0.03205675264526805, 0.028301795447160032, 0.031234097756438386, 0.027109513413912857, 0.02355989545063508, 0.019219682819815512, 0.07409369315516656, 0.07741731200098499, 0.05835617323254955, 0.02730796130012123, 0.03716551642838735, 0.026429064959454282, 0.017939651551555708, 0.03676948125735586, 0.029566326767377676, 0.03244339412851904, 0.05767972618078272, 0.0630024067161334, 0.020738739135309766, 0.04751959016797416, 0.04914085382577381, 0.05923779703296606, 0.01798828194055741, 0.031059896716681586, 0.03664243969145962, 0.027035375126192678, 0.030164244067649053, 0.05048584601775748, 0.03149445278992702, 0.02379165272951681, 0.023424589941855537, 0.03480332855914415, 0.06216015328346078, 0.0662687210862549, 0.0452556995801214, 0.022541596317789188, 0.020791817242649505, 0.0599852911757532, 0.05116573151832942, 0.026991604488599923, 0.03058094493088601, 0.032989067951116065, 0.026079652768858732, 0.018093944579024895, 0.06867899288319174, 0.057801308200960064, 0.05227378549057018, 0.023079412925998435, 0.07627884645034114, 0.019018215102088516, 0.024142289057384043, 0.030649924621385615, 0.03282289420480791, 0.02099570785108155, 0.03695763992953314, 0.04782823146610374, 0.024547167998708645, 0.056811733685353756, 0.06959616802453036, 0.06426695388383613, 0.05239152768815291, 0.026232677193892644, 0.02416399185414691, 0.025977845599815613, 0.02869439467106029, 0.04023977505162411, 0.02627052342131528, 0.01881374673983946, 0.02301077679512638, 0.05605263529665808, 0.013912409449951337, 0.019506997683203894, 0.022474778598806325, 0.01451736924575771, 0.011129139039209217, 0.01627055375482174, 0.019320523252831377, 0.020393334104834227, 0.02103988029724896, 0.018022474984695995, 0.013376260135864248, 0.00958043462175093, 0.02247917986138895, 0.023523899871060915, 0.019421527183174185, 0.020329452739113723, 0.020735484480610706, 0.01274380127427479, 0.009886294386067628, 0.022236575499133975, 0.019535373471324863, 0.01468768341534857, 0.023429833136592068, 0.023038069456574814, 0.009081065116273723, 0.01606385773578103, 0.022539812220587683, 0.023204001094143657, 0.011062886289207353, 0.013440107298245633, 0.018059562152438615, 0.014707551526523862, 0.018304985588841804, 0.02032160406976578, 0.019096968021819764, 0.016520338144802322, 0.016226867552998292, 0.017426971183330742, 0.018655835510447877, 0.019015349326433104, 0.018879673154074218, 0.013450033059950893, 0.009065200644858171, 0.013180686683121813, 0.016401201119311756, 0.01376894819274355, 0.02483558212580187, 0.025619201457144296, 0.01733363174975892, 0.00865088425545468, 0.02203891852846806, 0.02205508256327561, 0.018061579855868745, 0.012021696862967215, 0.0185288281612299, 0.010277563752195852, 0.01335386759264558, 0.024249971091518965, 0.02496716746462664, 0.01976405208837102, 0.021385516159857156, 0.02071200763173606, 0.010649218726297378, 0.01527013452770326, 0.02014731029330247, 0.023556802474581244, 0.022694686871498462, 0.020154572085608516, 0.01976133149459802, 0.013989511506537499, 0.01604899585625608, 0.023863767697639784, 0.020579800234373242, 0.012566605454925883, 0.01160056449829551, 0.020445623358476762, 0.024170001152329923, 0.023488887871671915, 0.02431153315684641, 0.02298956210179618, 0.010550373794761517, 0.02000712379695868, 0.02252357488962125, 0.019496138739831134, 0.021771639987114687, 0.023650085583727287, 0.01834058024600851, 0.009415945863000149, 0.020315853958248153, 0.017495173472328235, 0.021957649345700932, 0.025321186043624454, 0.023658179741830303, 0.010940806445219818, 0.012361120459534664, 0.022210903586544446, 0.02417473272025934, 0.016669070141850314, 0.015998226438589603, 0.02410464982160232, 0.012967926910318714, 0.010734349910496863, 0.024720195805663616, 0.023125848036649948, 0.018294324098302246, 0.013393573356046804, 0.01963118872051208, 0.018026467309775467, 0.017866721273212913, 0.02494232078849041, 0.023740770446799515, 0.016829635924405634, 0.02019093650378051, 0.019966406774246305, 0.01103063556822942, 0.019961564878158356, 0.02232380046097463, 0.021977583650674492, 0.008541665562594928, 0.017400430676617205, 0.02496995432403032, 0.007643799339885715, 0.01277087280253254, 0.013538914540903568, 0.010530614741264405, 0.006413118577183865, 0.011126292164813834, 0.01248669931913108, 0.011458655797253135, 0.0112827583092115, 0.010947980897402242, 0.00873476173283344, 0.00713894409857318, 0.012504941966655874, 0.012978032918215998, 0.011420142086632034, 0.01303751928404882, 0.012231025380780147, 0.007079007738050644, 0.007104555814438654, 0.012331820928756463, 0.012281283996996028, 0.008194707936234672, 0.013347654427694266, 0.012798224768791252, 0.006591695367784765, 0.008599672860480091, 0.013006443620609638, 0.01242134882959792, 0.0076106400534641195, 0.007545854020709636, 0.010614186633523403, 0.010709064366146413, 0.010807236580683272, 0.012946194602982262, 0.012105455762748346, 0.00879268533687432, 0.009815845365884326, 0.010373988098168387, 0.009754127163071214, 0.011302471527933443, 0.012182591018138898, 0.010032930187696153, 0.005515593119962057, 0.010137400184115698, 0.009243625507851225, 0.00935813746300867, 0.013530901286490099, 0.01389411360617218, 0.008984223007121036, 0.006008830067343317, 0.012011320559964114, 0.012600759478062372, 0.01040884358700007, 0.009487398181493814, 0.010746290413458578, 0.007783036423765952, 0.007392685073315395, 0.01435578761883782, 0.014746108506028515, 0.011445286436158138, 0.011312981508026383, 0.011436458963998414, 0.007721168159339216, 0.008623077346402129, 0.01308949947997729, 0.013876726663917458, 0.012448925044722333, 0.0132008738860372, 0.01246992116446573, 0.007634369423322285, 0.010501294251739334, 0.013422105544782514, 0.013122685947866433, 0.006972024201171736, 0.008237607404229064, 0.01268292204866592, 0.013723261416312305, 0.012671536306020262, 0.01421680060323926, 0.012493722067921762, 0.008013144340106776, 0.010937009479963488, 0.012199208023810597, 0.01239952829204208, 0.013129703611610333, 0.0126789775948835, 0.00974709040846993, 0.006805790723958734, 0.01212007813708505, 0.01184922314794718, 0.012100955937162578, 0.015399964277554159, 0.014833602496702444, 0.008349823312511613, 0.0068914980168505915, 0.013706376231240684, 0.01328739440013505, 0.010135727575389074, 0.008469579517308682, 0.014566724319790326, 0.0072440577027246935, 0.008398551879801054, 0.01529335372669008, 0.014771921765508752, 0.01024231046073164, 0.009368062528900368, 0.01116648994810779, 0.009413214943848796, 0.010482490611549721, 0.014083412317137048, 0.01365996131202183, 0.011270646737681283, 0.011229757496219905, 0.01127276952668521, 0.00875625616508746, 0.011110630208278464, 0.01286905997543435, 0.01185822314661727, 0.005946941436542138, 0.009051396509154756, 0.013415265296468753]"
